X,Y,i,j,hilltop_id,Cht,S,R,Lh,BasinID,a,b,StreamID,HilltopSlope,DivergentCount,PlanarCountFlag,E_Star,R_Star,EucDist
531246,4183930.0,5564,5062,5,-0.0545698,0.190069,21.6495,113.904,18159,5594,5041,3380,0.0713264,4,46,15.5392,0.237586,109.599
531246,4183940.0,5565,5062,5,-0.0594037,0.193372,21.3671,110.497,18159,5594,5041,3380,0.134958,3,46,16.4099,0.241715,107.222
531242,4183940.0,5566,5061,5,-0.0352256,0.195725,20.5891,105.194,18159,5594,5041,3380,0.230065,5,42,9.26382,0.244657,103.43
531246,4183940.0,5566,5062,5,-0.0459727,0.193073,20.8065,107.765,18159,5594,5041,3380,0.195683,2,46,12.3856,0.241341,104.813
531248,4183940.0,5566,5063,5,-0.0416176,0.187748,21.2326,113.091,18159,5595,5041,3380,0.181446,1,49,11.7665,0.234685,111.248
531240,4183940.0,5567,5060,5,-0.0401627,0.191685,19.4789,101.619,18159,5594,5041,3380,0.287492,5,42,10.2033,0.239607,99.2358
531242,4183940.0,5567,5061,5,-0.0330914,0.19448,19.9261,102.458,18159,5594,5041,3380,0.254093,2,44,8.47621,0.2431,100.979
531246,4183940.0,5567,5062,5,-0.0319863,0.191216,20.1098,105.168,18159,5594,5041,3380,0.233153,1,46,8.40982,0.23902,102.436
531248,4183940.0,5567,5063,5,-0.0262429,0.187961,20.5752,109.465,18159,5595,5041,3380,0.212197,1,48,7.18172,0.234952,108.886
531252,4183940.0,5567,5064,5,-0.025845,0.173978,20.3869,117.181,18159,5595,5041,3380,0.19553,1,51,7.57136,0.217473,110.701
531236,4183940.0,5568,5059,5,-0.00594271,0.18458,18.1681,98.4293,18159,5594,5041,3380,0.318045,4,41,1.46234,0.230725,95.0462
531240,4183940.0,5568,5060,5,-0.0341575,0.191537,18.8235,98.2763,18159,5594,5041,3380,0.303223,1,43,8.39219,0.239421,96.8287
531242,4183940.0,5568,5061,5,-0.0239588,0.191964,19.1931,99.9826,18159,5594,5041,3380,0.267694,1,44,5.98865,0.239955,98.4835
531252,4183940.0,5568,5064,5,-0.0253069,0.179964,19.8587,110.348,18159,5595,5041,3380,0.209741,1,48,6.98142,0.224955,108.416
531240,4183950.0,5569,5060,5,-0.0186151,0.188161,18.0133,95.7333,18159,5594,5041,3380,0.311274,1,42,4.45521,0.235201,94.398
531252,4183950.0,5569,5064,5,-0.0188244,0.179862,19.2184,106.851,18159,5595,5041,3380,0.221971,1,47,5.02851,0.224827,106.161
531254,4183950.0,5569,5065,5,-0.0218696,0.167045,19.0847,114.248,18159,5595,5041,3380,0.21392,1,50,6.24643,0.208807,108.144
531234,4183950.0,5570,5058,5,-0.00408308,0.180716,16.3465,90.4541,18159,5594,5041,3380,0.211562,2,40,0.923328,0.225895,88.4301
531254,4183950.0,5570,5065,5,-0.0062601,0.169909,18.3542,108.023,18159,5595,5041,3380,0.208871,1,47,1.69059,0.212387,105.978
531206,4183950.0,5571,5049,5,-0.00490399,0.176829,13.7333,77.6642,18159,5594,5041,3380,0.0361654,0,34,0.952161,0.221037,73.6972
531210,4183950.0,5571,5050,5,-0.025529,0.176804,13.8148,78.1366,18159,5594,5041,3380,0.0463672,0,33,4.98687,0.221005,74.5757
531230,4183950.0,5571,5057,5,-0.047518,0.17988,15.5431,86.4079,18159,5594,5041,3380,0.279148,1,39,10.2648,0.22485,84.2373
531234,4183950.0,5571,5058,5,-0.0180174,0.181212,15.8547,87.4924,18159,5594,5041,3380,0.203442,1,38,3.94097,0.226515,86.0344
531204,4183960.0,5572,5048,5,-0.0152603,0.186427,13.6706,73.3293,18159,5594,5041,3380,0.0349271,0,30,2.79758,0.233034,70.1432
531206,4183960.0,5572,5049,5,-0.00557951,0.183724,13.6531,74.3131,18159,5594,5041,3380,0.0473016,0,31,1.03658,0.229655,70.8888
531210,4183960.0,5572,5050,5,-0.00820821,0.181444,13.6317,75.1291,18159,5594,5041,3380,0.0637368,0,32,1.54169,0.226805,71.8126
531212,4183960.0,5572,5051,5,-0.0277867,0.177833,13.722,77.1626,18159,5594,5041,3380,0.0683463,0,33,5.36024,0.222291,72.8291
531216,4183960.0,5572,5052,5,-0.0310332,0.160099,13.5622,84.7117,18159,5594,5041,3380,0.0761384,1,35,6.57218,0.200123,73.7925
531230,4183960.0,5572,5057,5,-0.0256789,0.178346,14.8789,83.4274,18159,5594,5041,3380,0.284717,1,36,5.35582,0.222932,81.8289
531234,4183960.0,5572,5058,5,-0.0315641,0.180587,15.3308,84.8945,18159,5594,5041,3380,0.212477,1,37,6.69905,0.225734,83.6436
531258,4183960.0,5572,5066,5,-0.00295274,0.163717,17.2675,105.472,18159,5595,5041,3380,0.130514,1,46,0.778581,0.204646,103.909
531198,4183960.0,5573,5046,5,-0.0190523,0.30641,37.9315,123.794,18159,5602,5021,3380,0.0635017,25,28,5.89637,0.383012,113.729
531212,4183960.0,5573,5051,5,-0.0130871,0.184484,13.4299,72.7971,18159,5594,5041,3380,0.087742,0,30,2.38175,0.230605,70.2318
531216,4183960.0,5573,5052,5,-0.0312413,0.179255,13.4685,75.1358,18159,5594,5041,3380,0.065937,0,33,5.86835,0.224069,71.3825
531218,4183960.0,5573,5053,5,-0.0108328,0.170411,13.1365,77.0871,18159,5594,5041,3380,0.0524332,1,33,2.08767,0.213014,72.6777
531258,4183960.0,5573,5066,5,-0.0043775,0.165707,16.9081,102.036,18159,5595,5041,3380,0.110607,1,45,1.11665,0.207134,101.906
531260,4183960.0,5573,5067,5,-0.000982273,0.155124,16.8451,108.591,18159,5595,5041,3380,0.0907806,1,48,0.266665,0.193905,104.1
531194,4183960.0,5574,5045,5,-0.0126095,0.310583,37.5651,120.95,18159,5602,5021,3380,0.0938106,25,26,3.81281,0.388229,109.552
531260,4183960.0,5574,5067,5,-0.0069743,0.15873,16.6267,104.748,18159,5595,5041,3380,0.0783403,1,45,1.82637,0.198413,102.207
531192,4183960.0,5575,5044,5,-0.00500588,0.310507,37.0965,119.471,18159,5602,5021,3380,0.104307,24,25,1.49514,0.388133,105.399
531260,4183960.0,5575,5067,5,-0.00807236,0.160783,16.3959,101.975,18159,5595,5041,3380,0.0751817,1,44,2.05795,0.200979,100.347
531188,4183970.0,5576,5043,5,-0.00854845,0.324421,36.6621,113.008,18159,5602,5021,3380,0.111743,25,22,2.4151,0.405526,101.107
531260,4183970.0,5576,5067,5,-0.00832473,0.161947,16.1636,99.8082,18159,5595,5041,3380,0.0737035,1,45,2.07719,0.202433,98.5299
531186,4183970.0,5577,5042,5,-0.0183868,0.344311,36.1897,105.108,18159,5602,5021,3380,0.144294,26,19,4.83147,0.430388,96.7271
531260,4183970.0,5577,5067,5,-0.00718944,0.162454,15.9626,98.2587,18159,5595,5041,3380,0.0707067,1,44,1.76606,0.203068,96.7879
531180,4183970.0,5578,5040,5,-0.0240499,0.345603,35.0553,101.432,18159,5602,5021,3380,0.204705,24,18,6.0986,0.432004,90.7043
531182,4183970.0,5578,5041,5,-0.0156142,0.359691,35.4468,98.5479,18159,5602,5021,3380,0.179594,29,14,3.84688,0.449614,92.4173
531260,4183970.0,5578,5067,5,-0.00452907,0.16146,15.756,97.5844,18159,5595,5041,3380,0.0641742,1,45,1.10492,0.201825,95.1087
531170,4183980.0,5579,5037,5,-0.0240417,0.342765,32.3309,94.3239,18159,5602,5021,3380,0.366586,19,19,5.66927,0.428456,82.9295
531174,4183980.0,5579,5038,5,-0.0344897,0.355708,33.3448,93.742,18159,5602,5021,3380,0.31751,22,17,8.08283,0.444635,84.6094
531176,4183980.0,5579,5039,5,-0.0337038,0.365767,34.1387,93.3346,18159,5602,5021,3380,0.263259,26,14,7.86433,0.457209,86.3352
531180,4183980.0,5579,5040,5,-0.0232835,0.374136,34.7025,92.7537,18159,5602,5021,3380,0.212616,31,10,5.39908,0.46767,88.1463
531258,4183980.0,5579,5066,5,-0.0101198,0.168866,15.4889,91.723,18159,5595,5041,3380,0.0741576,1,41,2.32055,0.211082,90.9584
531260,4183980.0,5579,5067,5,-0.00510729,0.161668,15.5962,96.4709,18159,5595,5041,3380,0.0540282,1,42,1.23176,0.202085,93.4456
531080,4183980.0,5580,5007,5,-0.0645438,0.48114,49.4301,102.735,18159,5614,5004,3381,0.00509077,32,6,16.5773,0.601425,100.888
531084,4183980.0,5580,5008,5,-0.0486871,0.3522,30.203,85.7553,18159,5603,5020,3380,0.107713,17,17,10.4379,0.44025,76.0498
531086,4183980.0,5580,5009,5,-0.0365589,0.357849,29.6496,82.8551,18159,5603,5020,3380,0.184622,17,16,7.57273,0.447311,74.7216
531090,4183980.0,5580,5010,5,-0.020967,0.363155,29.0638,80.0312,18159,5603,5020,3380,0.21788,17,15,4.19504,0.453944,73.4947
531092,4183980.0,5580,5011,5,-0.00966295,0.364973,28.2809,77.4876,18159,5603,5020,3380,0.211771,18,13,1.8719,0.456216,72.3821
531096,4183980.0,5580,5012,5,-0.00463543,0.36783,27.7017,75.3112,18159,5603,5020,3380,0.189526,18,12,0.87275,0.459788,71.3881
531098,4183980.0,5580,5013,5,-0.0151075,0.369854,27.2636,73.7145,18159,5603,5020,3380,0.17753,19,10,2.7841,0.462318,70.5046
531102,4183980.0,5580,5014,5,-0.0159129,0.369108,26.7407,72.4468,18159,5603,5020,3380,0.164589,20,8,2.8821,0.461385,69.7295
531104,4183980.0,5580,5015,5,-0.012763,0.369796,26.2793,71.0642,18159,5603,5020,3380,0.140835,20,7,2.26749,0.462245,69.0594
531108,4183980.0,5580,5016,5,-0.0203188,0.3717,25.9549,69.8276,18159,5603,5020,3380,0.113857,20,6,3.54703,0.464625,68.5052
531110,4183980.0,5580,5017,5,-0.0213778,0.37285,25.7336,69.0186,18159,5603,5020,3380,0.0900633,21,6,3.68867,0.466062,68.0702
531114,4183980.0,5580,5018,5,-0.0212877,0.37239,25.53,68.5573,18159,5603,5020,3380,0.0778827,19,5,3.64856,0.465487,67.7892
531116,4183980.0,5580,5019,5,-0.0113952,0.371555,25.3874,68.3273,18159,5603,5020,3380,0.0610945,22,7,1.94651,0.464444,67.5907
531162,4183980.0,5580,5034,5,-0.00487499,0.344592,28.5658,82.8976,18159,5602,5021,3380,0.386798,19,15,1.01031,0.43074,75.4241
531164,4183980.0,5580,5035,5,-0.0111973,0.353383,29.7522,84.1925,18159,5602,5021,3380,0.391132,19,16,2.35683,0.441729,76.9755
531168,4183980.0,5580,5036,5,-0.0132766,0.361756,30.8737,85.344,18159,5602,5021,3380,0.381257,20,16,2.83269,0.452195,78.5953
531170,4183980.0,5580,5037,5,-0.0178922,0.370032,31.9255,86.2775,18159,5602,5021,3380,0.356741,23,14,3.85924,0.46254,80.2888
531174,4183980.0,5580,5038,5,-0.0236787,0.378166,32.8969,86.9908,18159,5602,5021,3380,0.325706,28,10,5.14958,0.472707,82.0554
531176,4183980.0,5580,5039,5,-0.027508,0.386007,33.6904,87.2794,18159,5602,5021,3380,0.278501,29,10,6.0022,0.482508,83.8849
531258,4183980.0,5580,5066,5,-0.0122281,0.167922,15.3582,91.4605,18159,5595,5041,3380,0.0694904,1,40,2.79596,0.209903,89.3712
531080,4183980.0,5581,5007,5,-0.0576801,0.494599,49.3052,99.6872,18159,5614,5004,3381,0.0721114,32,5,14.3749,0.618248,97.9055
531084,4183980.0,5581,5008,5,-0.0531606,0.405489,31.7509,78.3028,18159,5604,5019,3380,0.120969,14,19,10.4066,0.506861,74.617
531120,4183980.0,5581,5020,5,-0.0108685,0.38712,25.0739,64.7704,18159,5603,5020,3380,0.0780041,22,5,1.75989,0.4839,64.5019
531122,4183980.0,5581,5021,5,-0.0187367,0.386447,25.1753,65.1454,18159,5603,5020,3380,0.0584636,21,5,3.05152,0.483059,64.5484
531126,4183980.0,5581,5022,5,-0.0302016,0.383023,23.9903,62.6342,18159,5602,5021,3380,0.0303738,17,6,4.72914,0.478778,61.6644
531128,4183980.0,5581,5023,5,-0.030559,0.385628,24.0188,62.2848,18159,5602,5021,3380,0.00540412,18,12,4.75841,0.482035,61.9556
531132,4183980.0,5581,5024,5,-0.0180615,0.381908,23.958,62.7324,18159,5602,5021,3380,0.00670983,13,10,2.83261,0.477385,62.2626
531134,4183980.0,5581,5025,5,-0.0076532,0.378184,23.9402,63.3031,18159,5602,5021,3380,0.0158536,14,10,1.21118,0.47273,62.7612
531138,4183980.0,5581,5026,5,-0.00814089,0.372249,24.0042,64.4843,18159,5602,5021,3380,0.0362996,16,9,1.3124,0.465311,63.3888
531140,4183980.0,5581,5027,5,-0.00411885,0.363133,24.1634,66.5414,18159,5602,5021,3380,0.05954,17,9,0.685186,0.453916,64.1583
531162,4183980.0,5581,5034,5,-0.0101671,0.36754,28.2972,76.9907,18159,5602,5021,3380,0.391014,20,13,1.95693,0.459426,72.7279
531164,4183980.0,5581,5035,5,-0.0257204,0.374705,29.4656,78.6368,18159,5602,5021,3380,0.392475,23,11,5.05643,0.468382,74.3429
531168,4183980.0,5581,5036,5,-0.0242978,0.381657,30.531,79.9958,18159,5602,5021,3380,0.373927,25,10,4.85931,0.477071,76.0361
531170,4183980.0,5581,5037,5,-0.0181718,0.388793,31.5077,81.0398,18159,5602,5021,3380,0.349783,27,9,3.68159,0.485991,77.8004
531174,4183980.0,5581,5038,5,-0.0160264,0.394343,32.3883,82.1323,18159,5602,5021,3380,0.325512,27,10,3.29071,0.492929,79.6266
531258,4183980.0,5581,5066,5,-0.0154126,0.169216,15.2774,90.2838,18159,5595,5041,3380,0.0643962,1,39,3.47878,0.21152,87.8059
531078,4183990.0,5582,5006,5,-0.0391157,0.49273,48.782,99.0036,18159,5614,5004,3381,0.13617,32,7,9.68148,0.615912,94.781
531080,4183990.0,5582,5007,5,-0.0503895,0.506453,48.9625,96.6772,18159,5614,5004,3381,0.133961,32,4,12.1788,0.633067,94.92
531258,4183990.0,5582,5066,5,-0.0139006,0.167599,15.1661,90.4903,18159,5595,5041,3380,0.0566078,1,40,3.14468,0.209499,86.3491
531074,4183990.0,5583,5005,5,-0.0774475,0.493407,48.1743,97.6361,18159,5614,5004,3381,0.251435,32,7,18.9042,0.616758,94.3361
531078,4183990.0,5583,5006,5,-0.0542036,0.515543,48.4794,94.0356,18159,5614,5004,3381,0.19393,35,1,12.7427,0.644428,91.7712
531074,4183990.0,5584,5005,5,-0.0887786,0.517444,47.4326,91.6672,18159,5614,5004,3381,0.355493,31,5,20.3452,0.646804,88.604
531248,4183990.0,5584,5063,5,-0.0146698,0.189455,14.8436,78.3489,18159,5595,5041,3380,0.0559328,1,33,2.87341,0.236819,75.485
531252,4183990.0,5584,5064,5,-0.0110209,0.178846,14.9267,83.461,18159,5595,5041,3380,0.0257086,1,36,2.29953,0.223558,78.2369
531246,4184000.0,5585,5062,5,-0.0409139,0.20663,14.7948,71.6006,18159,5595,5041,3380,0.121772,3,29,7.32365,0.258288,71.345
531248,4184000.0,5585,5063,5,-0.0189343,0.19536,14.9017,76.278,18159,5595,5041,3380,0.0468651,1,32,3.61068,0.2442,74.1112
531246,4184000.0,5586,5062,5,-0.0491637,0.211443,14.9344,70.6308,18159,5595,5041,3380,0.146233,3,28,8.68118,0.264304,70.058
531236,4184000.0,5588,5059,5,-0.00421325,0.216071,13.5376,62.6533,18159,5595,5041,3380,0.0528629,3,25,0.659935,0.270089,59.4576
531234,4184010.0,5589,5058,5,-0.0474886,0.238092,13.8681,58.2469,18159,5595,5041,3380,0.121812,1,25,6.91517,0.297615,55.5601
531236,4184010.0,5589,5059,5,-0.00712695,0.210764,13.7982,65.4678,18159,5595,5041,3380,0.0743098,2,27,1.16646,0.263455,58.448
531234,4184010.0,5590,5058,5,-0.0554671,0.245397,14.0974,57.4474,18159,5595,5041,3380,0.107028,2,23,7.9661,0.306747,54.6109
531050,4184010.0,5591,4997,5,-0.0527834,0.333853,42.189,126.37,18159,5621,4969,3407,0.386977,29,28,16.6756,0.417316,125.115
531054,4184010.0,5591,4998,5,-0.0302606,0.432831,33.8334,78.1677,18159,5615,5003,3381,0.374511,27,5,5.9135,0.541039,72.3904
531234,4184010.0,5591,5058,5,-0.0588621,0.254042,14.302,56.2977,18159,5595,5041,3380,0.098975,2,22,8.28449,0.317553,53.8164
531234,4184020.0,5592,5058,5,-0.0519244,0.261657,14.4471,55.2136,18159,5595,5041,3380,0.0976031,2,21,7.16734,0.327072,53.1858
531234,4184020.0,5593,5058,5,-0.0299984,0.267589,14.5768,54.4744,18159,5595,5041,3380,0.104518,3,19,4.08537,0.334486,52.7499
531234,4184020.0,5594,5058,5,-0.0225335,0.273862,14.7273,53.7763,18159,5595,5041,3380,0.0973207,3,18,3.02942,0.342327,52.5231
531044,4184030.0,5596,4995,1,-0.00987156,0.410373,26.1073,63.6184,18159,5615,5003,3381,0.376056,21,5,1.57003,0.512966,60.492
531236,4184030.0,5596,5059,5,-0.0266756,0.309129,19.3332,62.5409,18159,5599,5038,3380,0.0318617,12,11,4.17079,0.386411,65.2734
531036,4184030.0,5597,4992,5,-0.0076092,0.3266,32.9246,100.81,18159,5621,4969,3407,0.28521,29,17,1.91771,0.40825,101.767
531038,4184030.0,5597,4993,5,-0.0188363,0.31188,33.4376,107.213,18159,5621,4969,3407,0.284953,25,22,5.04873,0.38985,103.799
531042,4184030.0,5597,4994,1,-0.021293,0.383549,24.992,65.1599,18159,5615,5003,3381,0.291288,17,11,3.46862,0.479436,61.2875
531236,4184030.0,5597,5059,5,-0.0265072,0.293113,20.2129,68.9594,18159,5600,5037,3380,0.061627,4,24,4.56981,0.366391,67.9465
531032,4184030.0,5598,4991,5,-0.016011,0.332119,31.812,95.785,18159,5621,4969,3407,0.254292,27,17,3.83404,0.415148,97.5594
531036,4184030.0,5598,4992,5,-0.00476113,0.31913,32.2228,100.971,18159,5621,4969,3407,0.2843,25,20,1.20184,0.398912,99.583
531038,4184030.0,5598,4993,1,-0.0401816,0.354855,24.8174,69.9369,18159,5616,5003,3381,0.300436,15,14,7.02544,0.443569,63.25
531236,4184030.0,5598,5059,5,-0.0280636,0.276784,21.1656,76.4698,18159,5601,5036,3380,0.0902837,7,26,5.36505,0.34598,71.0145
531026,4184040.0,5599,4989,5,-0.0621894,0.328913,30.2472,91.961,18159,5621,4969,3407,0.323918,20,21,14.2975,0.411141,87.1849
531030,4184040.0,5599,4990,5,-0.0703195,0.339507,30.9984,91.3041,18159,5621,4969,3407,0.273426,25,17,16.0512,0.424384,89.1278
531032,4184040.0,5599,4991,1,-0.0317076,0.327245,31.2167,95.3925,18159,5621,4969,3407,0.269776,27,16,7.56167,0.409057,95.36
531036,4184040.0,5599,4992,1,-0.012815,0.313176,31.466,100.474,18159,5621,4969,3407,0.30812,25,19,3.21893,0.39147,97.4611
531236,4184040.0,5599,5059,5,-0.0222267,0.260108,21.9802,84.5041,18159,5601,5035,3380,0.109488,8,29,4.69561,0.325135,71.3858
531032,4184040.0,5600,4991,1,-0.0346602,0.325142,30.4648,93.6968,18159,5621,4969,3407,0.313676,21,21,8.11888,0.406428,93.253
531036,4184040.0,5600,4992,1,-0.00601269,0.315454,22.8853,72.547,18159,5618,5002,3381,0.344124,15,14,1.09051,0.394318,62.516
531236,4184040.0,5600,5059,5,-0.0215017,0.259152,24.0071,92.6374,18159,5602,5033,3380,0.123174,4,35,4.97966,0.32394,79.816
531032,4184040.0,5601,4991,1,-0.0232886,0.321358,29.3153,91.2233,18159,5621,4969,3407,0.359343,22,19,5.31116,0.401697,91.204
531036,4184040.0,5601,4992,1,-0.00296858,0.315023,21.7412,69.0146,18159,5618,5002,3381,0.361108,13,15,0.512188,0.393779,57.9704
531236,4184040.0,5601,5059,5,-0.0209399,0.256761,23.6649,92.167,18159,5602,5033,3380,0.132568,4,34,4.82493,0.320951,79.5513
531032,4184050.0,5602,4991,1,-0.00914988,0.318628,28.2352,88.615,18159,5621,4969,3407,0.374504,22,18,2.02704,0.398284,89.2103
531036,4184050.0,5602,4992,1,-7.72327e-05,0.346485,20.3262,58.664,18159,5616,5003,3381,0.34926,14,10,0.0113269,0.433106,54.7672
531236,4184050.0,5602,5059,5,-0.0181454,0.254736,24.6285,96.6826,18159,5602,5032,3380,0.139278,10,30,4.38586,0.31842,82.4082
531240,4184050.0,5602,5060,5,-0.0199409,0.207053,23.0083,111.123,18159,5637,5060,3396,0.141295,3,43,5.53972,0.258816,106.443
531002,4184050.0,5603,4981,5,-0.00354172,0.293872,19.1207,65.0647,18159,5621,4969,3407,0.271894,13,16,0.576102,0.36734,62.909
531032,4184050.0,5603,4991,1,-0.00813533,0.314112,27.0927,86.2519,18159,5621,4969,3407,0.363203,20,19,1.75422,0.39264,87.2728
531036,4184050.0,5603,4992,1,-0.0114576,0.34951,19.343,55.3432,18159,5616,5003,3381,0.331902,13,10,1.58525,0.436887,52.5409
531236,4184050.0,5603,5059,2,-0.0141212,0.265386,25.1578,94.7969,18159,5603,5031,3380,0.14107,8,31,3.34661,0.331733,85.5075
531240,4184050.0,5603,5060,5,-0.0147913,0.207551,22.4897,108.358,18159,5637,5060,3396,0.137134,3,42,4.00686,0.259439,103.386
530996,4184050.0,5604,4979,5,-0.00621841,0.287226,17.4667,60.8117,18159,5621,4969,3407,0.237595,13,15,0.945379,0.359032,57.2938
531032,4184050.0,5604,4991,1,-0.0071898,0.308893,26.0677,84.3907,18159,5621,4969,3407,0.333787,21,17,1.51688,0.386116,85.3919
531036,4184050.0,5604,4992,1,-0.0207527,0.355468,18.4009,51.7653,18159,5616,5003,3381,0.313523,12,10,2.68568,0.444335,50.4396
531236,4184050.0,5604,5059,2,-0.0133213,0.291393,30.4276,104.421,18159,5604,5027,3380,0.130362,15,28,3.47757,0.364241,97.5058
531240,4184050.0,5604,5060,5,-0.00415922,0.208872,22.1103,105.856,18159,5637,5060,3396,0.125234,3,41,1.10069,0.26109,100.248
530994,4184060.0,5605,4978,5,-0.00480488,0.296465,16.5534,55.8359,18159,5621,4969,3407,0.210452,13,11,0.670713,0.370581,53.1532
531032,4184060.0,5605,4991,1,-0.018333,0.302045,25.2751,83.6801,18159,5621,4969,3407,0.283243,24,13,3.83527,0.377556,83.5699
531036,4184060.0,5605,4992,1,-0.0174086,0.363302,17.4829,48.1223,18159,5616,5003,3381,0.290631,12,9,2.09436,0.454127,48.4251
531236,4184060.0,5605,5059,2,-0.0138774,0.306948,36.4429,118.727,18159,5605,5022,3380,0.122463,15,33,4.11905,0.383685,112.506
531240,4184060.0,5605,5060,5,-0.00846662,0.210866,21.7688,103.235,18159,5637,5060,3396,0.104889,3,40,2.18513,0.263583,97.1366
530990,4184060.0,5606,4977,5,-0.000578703,0.306327,15.6754,51.1723,18159,5621,4969,3407,0.183279,13,11,0.074034,0.382908,49.048
531030,4184060.0,5606,4990,1,-0.0203012,0.309946,24.2224,78.1502,18159,5621,4969,3407,0.245933,21,14,3.96635,0.387432,79.3927
531032,4184060.0,5606,4991,1,-0.0274709,0.319337,17.0049,53.2507,18159,5618,5002,3381,0.23299,9,13,3.65711,0.399172,50.5562
531036,4184060.0,5606,4992,1,-0.00333274,0.370625,16.6132,44.8248,18159,5616,5003,3381,0.261872,12,8,0.373474,0.463281,46.426
531234,4184060.0,5606,5058,2,-0.00986165,0.301924,29.4452,97.5253,18159,5604,5027,3380,0.154006,15,25,2.4044,0.377405,94.7513
531236,4184060.0,5606,5059,2,-0.0142452,0.356298,47.2181,132.524,18159,5631,5023,3404,0.118811,28,32,4.71959,0.445373,132.951
531240,4184060.0,5606,5060,5,-0.0127277,0.215053,21.493,99.9425,18159,5637,5060,3396,0.0941669,3,39,3.1801,0.268816,94.219
531030,4184060.0,5607,4990,1,-0.0285306,0.30653,23.7053,77.3343,18159,5621,4969,3407,0.196759,21,13,5.516,0.383162,77.6662
531032,4184060.0,5607,4991,1,-0.0196779,0.322107,16.3726,50.8298,18159,5618,5002,3381,0.193096,7,14,2.50055,0.402634,45.9983
531036,4184060.0,5607,4992,1,-0.000105757,0.376317,15.8505,42.12,18159,5616,5003,3381,0.226737,12,7,0.0111363,0.470396,44.4135
531230,4184060.0,5607,5057,2,-0.00860622,0.307736,28.738,93.3851,18159,5604,5027,3380,0.191257,15,23,2.00923,0.384671,92.0831
531234,4184060.0,5607,5058,2,-0.0150503,0.363384,46.6376,128.342,18159,5631,5023,3404,0.154879,28,30,4.82898,0.45423,128.803
531236,4184060.0,5607,5059,2,-0.0145726,0.198812,21.1382,106.323,18159,5637,5060,3396,0.118453,3,43,3.8735,0.248514,89.5901
531240,4184060.0,5607,5060,5,-0.0128705,0.220759,21.2314,96.1745,18159,5637,5060,3396,0.0911319,3,38,3.09453,0.275948,91.4112
531242,4184060.0,5607,5061,5,-0.00959502,0.226073,21.2268,93.8934,18159,5637,5060,3396,0.0751915,2,36,2.25227,0.282591,88.5898
530982,4184060.0,5608,4974,5,-0.000615689,0.347901,14.3214,41.1652,18159,5621,4969,3407,0.0568822,13,4,0.0633623,0.434876,39.9709
531030,4184060.0,5608,4990,1,-0.0207545,0.302309,23.2194,76.8068,18159,5621,4969,3407,0.172161,26,11,3.98522,0.377886,76.0335
531032,4184060.0,5608,4991,1,-0.0128285,0.333336,16.0761,48.228,18159,5617,5003,3381,0.157833,8,12,1.54674,0.41667,45.4171
531218,4184060.0,5608,5053,1,-0.00658584,0.295984,20.5776,69.5228,18159,5603,5031,3380,0.210523,9,19,1.14466,0.36998,68.8422
531222,4184060.0,5608,5054,1,-0.00171726,0.292406,21.1428,72.3063,18159,5603,5031,3380,0.199471,9,20,0.310421,0.365507,72.1802
531230,4184060.0,5608,5057,2,-0.00971492,0.370415,45.9005,123.916,18159,5631,5023,3404,0.185667,28,28,3.00959,0.463019,124.62
531234,4184060.0,5608,5058,2,-0.0195345,0.191217,20.5406,107.421,18159,5637,5060,3396,0.158315,5,41,5.24602,0.239021,86.1625
531236,4184060.0,5608,5059,2,-0.011683,0.21784,20.82,95.5747,18159,5637,5060,3396,0.119184,3,38,2.79149,0.272301,87.76
531242,4184060.0,5608,5061,5,-0.00871416,0.230963,21.0009,90.9277,18159,5637,5060,3396,0.069692,2,35,1.9809,0.288704,85.5953
530972,4184070.0,5609,4971,5,-0.0206439,0.387197,14.7317,38.0469,18159,5621,4968,3407,0.0131824,8,6,1.9636,0.483997,35.3965
530976,4184070.0,5609,4972,5,-0.0160477,0.389406,14.2305,36.5441,18159,5621,4969,3407,0.017256,12,2,1.46612,0.486758,35.4503
530978,4184070.0,5609,4973,5,-0.0127631,0.375222,14.2102,37.8715,18159,5621,4969,3407,0.0431145,13,2,1.2084,0.469027,36.169
530982,4184070.0,5609,4974,5,-0.00339656,0.370454,14.195,38.318,18159,5621,4969,3407,0.0680532,13,3,0.325373,0.463067,37.1414
531030,4184070.0,5609,4990,1,-0.0267942,0.298935,22.8632,76.4819,18159,5621,4969,3407,0.144939,25,9,5.12318,0.373669,74.4885
531032,4184070.0,5609,4991,1,-0.0235752,0.348416,15.6953,45.0475,18159,5617,5003,3381,0.13403,8,11,2.65501,0.43552,43.8874
531216,4184070.0,5609,5052,1,-0.0133033,0.330825,25.5044,77.0933,18159,5604,5027,3380,0.218688,12,19,2.56399,0.413531,77.9964
531218,4184070.0,5609,5053,2,-0.00735055,0.324541,26.1155,80.4692,18159,5604,5027,3380,0.202296,15,17,1.47873,0.405676,78.1913
531222,4184070.0,5609,5054,2,-0.00991931,0.32609,31.9714,98.0449,18159,5604,5023,3380,0.192961,15,24,2.43134,0.407612,94.8968
531224,4184070.0,5609,5055,2,-0.00906527,0.380104,44.6768,117.538,18159,5631,5023,3404,0.186357,29,24,2.66379,0.47513,117.989
531228,4184070.0,5609,5056,2,-0.0086507,0.373363,45.1419,120.906,18159,5631,5023,3404,0.18662,28,26,2.61481,0.466704,120.448
531230,4184070.0,5609,5057,2,-0.0106573,0.200615,19.7881,98.6376,18159,5637,5060,3396,0.184059,4,38,2.62803,0.250768,84.0389
531234,4184070.0,5609,5058,2,-0.017742,0.220615,20.2305,91.7004,18159,5637,5060,3396,0.166204,3,36,4.06736,0.275769,84.9601
531246,4184070.0,5609,5062,5,-0.0141318,0.236554,20.7752,87.8243,18159,5637,5060,3396,0.05768,2,33,3.10279,0.295692,82.7632
530948,4184070.0,5610,4963,5,-0.0418207,0.452495,20.5851,45.4925,18159,5625,4964,3407,0.0873959,10,7,4.75632,0.565618,43.6497
530952,4184070.0,5610,4964,5,-0.012056,0.434959,17.0133,39.1148,18159,5623,4965,3407,0.101072,8,7,1.17892,0.543698,37.5818
530954,4184070.0,5610,4965,5,-0.00735575,0.433036,17.2156,39.7557,18159,5623,4965,3407,0.125056,9,7,0.731082,0.541295,37.5059
530958,4184070.0,5610,4966,5,-0.0204641,0.434039,16.2839,37.517,18159,5622,4966,3407,0.13593,9,6,1.91938,0.542549,34.5148
530960,4184070.0,5610,4967,5,-0.0434584,0.434244,14.5197,33.4367,18159,5621,4967,3407,0.119045,12,4,3.63276,0.542805,34.5326
530964,4184070.0,5610,4968,5,-0.0426544,0.457069,14.6765,32.1099,18159,5621,4967,3407,0.105851,11,2,3.42407,0.571337,31.5359
530966,4184070.0,5610,4969,5,-0.0315048,0.452025,14.3802,31.8129,18159,5621,4968,3407,0.094525,9,4,2.50565,0.565032,31.5758
530970,4184070.0,5610,4970,5,-0.0391145,0.443497,14.1578,31.923,18159,5621,4969,3407,0.094138,9,2,3.12163,0.554372,31.6977
530972,4184070.0,5610,4971,5,-0.0510035,0.440285,14.2182,32.2932,18159,5621,4969,3407,0.0833493,11,1,4.11767,0.550356,32.0175
530976,4184070.0,5610,4972,5,-0.039445,0.426851,14.2241,33.3232,18159,5621,4969,3407,0.0886536,12,1,3.28609,0.533564,32.5528
531026,4184070.0,5610,4989,1,-0.00617526,0.305644,22.1949,72.617,18159,5621,4969,3407,0.175995,24,8,1.12107,0.382055,70.3987
531030,4184070.0,5610,4990,1,-0.0355364,0.294907,22.6578,76.8302,18159,5621,4969,3407,0.117074,22,11,6.82567,0.368634,73.0279
531032,4184070.0,5610,4991,1,-0.0331188,0.36046,15.1092,41.9164,18159,5618,5002,3381,0.127252,7,11,3.47055,0.450575,40.5771
531212,4184070.0,5610,5051,1,-0.00804432,0.348254,31.0614,89.1917,18159,5605,5022,3380,0.216972,15,20,1.79372,0.435318,89.5284
531216,4184070.0,5610,5052,2,-0.012541,0.334994,31.7146,94.6721,18159,5605,5022,3380,0.212378,19,19,2.96821,0.418742,90.3145
531218,4184070.0,5610,5053,2,-0.0149987,0.392199,43.3921,110.638,18159,5631,5023,3404,0.198091,29,21,4.14856,0.490249,111.338
531222,4184070.0,5610,5054,2,-0.0160797,0.388339,43.8944,113.031,18159,5631,5023,3404,0.19063,28,23,4.54377,0.485423,113.797
531224,4184070.0,5610,5055,2,-0.0173495,0.177154,19.2995,108.942,18159,5638,5060,3396,0.19206,4,44,4.72523,0.221442,86.2349
531228,4184070.0,5610,5056,2,-0.0160381,0.207805,19.0222,91.5389,18159,5637,5060,3396,0.18954,3,35,3.67028,0.259756,81.8587
531246,4184070.0,5610,5062,5,-0.0186242,0.244286,20.6996,84.7352,18159,5637,5060,3396,0.072524,2,32,3.94531,0.305357,79.7793
531248,4184070.0,5610,5063,5,-0.0176461,0.240802,20.5995,85.5451,18159,5637,5060,3396,0.0674743,1,34,3.77384,0.301003,79.9894
530946,4184070.0,5611,4962,5,-0.0581707,0.469038,31.1344,66.3793,18159,5631,4958,3407,0.171664,17,10,9.65333,0.586297,62.1733
531026,4184070.0,5611,4989,1,-0.0157401,0.304648,22.0898,72.5094,18159,5621,4969,3407,0.108823,22,9,2.85326,0.38081,68.9819
531030,4184070.0,5611,4990,1,-0.0314535,0.377634,17.0537,45.1594,18159,5621,5001,3381,0.0860742,5,15,3.55106,0.472043,43.1407
531032,4184070.0,5611,4991,1,-0.0222351,0.383114,14.6296,38.186,18159,5618,5002,3381,0.131309,9,8,2.12268,0.478893,40.7198
531200,4184070.0,5611,5047,1,-0.00427066,0.374674,28.7881,76.835,18159,5605,5022,3380,0.144766,15,15,0.820341,0.468343,78.2803
531210,4184070.0,5611,5050,1,-0.00852621,0.407638,41.3475,101.432,18159,5631,5023,3404,0.206886,30,16,2.16208,0.509547,102.298
531212,4184070.0,5611,5051,2,-0.00749861,0.40449,41.9828,103.792,18159,5631,5023,3404,0.21549,28,19,1.94574,0.505613,104.692
531216,4184070.0,5611,5052,2,-0.0156591,0.400408,42.5581,106.287,18159,5631,5023,3404,0.206832,28,20,4.16089,0.500509,107.148
531218,4184070.0,5611,5053,2,-0.0181697,0.389326,43.1623,110.864,18159,5631,5023,3404,0.198229,27,22,5.03593,0.486657,109.63
531222,4184070.0,5611,5054,2,-0.0167541,0.188161,18.4147,97.8665,18159,5638,5060,3396,0.195989,4,40,4.09917,0.235202,84.5637
531248,4184070.0,5611,5063,5,-0.0136828,0.248883,20.3554,81.7872,18159,5637,5060,3396,0.0774148,1,33,2.7977,0.311104,77.0603
531252,4184070.0,5611,5064,5,-0.0110695,0.241633,20.2514,83.8107,18159,5637,5060,3396,0.0642626,2,31,2.31935,0.302041,77.3609
530942,4184080.0,5612,4961,5,-0.0417608,0.407627,38.1398,93.5656,18159,5636,4953,3407,0.232852,23,18,9.76844,0.509533,74.86
530946,4184080.0,5612,4962,5,-0.00985476,0.494299,30.3679,61.4362,18159,5631,4958,3407,0.208293,21,5,1.5136,0.617874,56.9674
531024,4184080.0,5612,4988,1,-0.0227217,0.313432,21.9261,69.9548,18159,5621,4969,3407,0.104789,21,10,3.97373,0.39179,64.9567
531026,4184080.0,5612,4989,1,-0.0325572,0.301449,22.1742,73.5588,18159,5621,4969,3407,0.0354697,21,11,5.98716,0.376811,67.6717
531030,4184080.0,5612,4990,1,-0.0255384,0.401555,16.8599,41.9865,18159,5621,5001,3381,0.0926753,5,14,2.68067,0.501943,41.225
531182,4184080.0,5612,5041,1,-0.0336814,0.448554,26.7777,59.6977,18159,5605,5022,3380,0.131147,19,6,5.02677,0.560693,62.6578
531186,4184080.0,5612,5042,1,-0.0140927,0.431528,27.0387,62.658,18159,5605,5022,3380,0.0966736,19,7,2.20755,0.539411,65.4525
531188,4184080.0,5612,5043,1,-0.00497627,0.415672,27.2869,65.6451,18159,5605,5022,3380,0.0935143,19,8,0.81667,0.51959,68.2733
531192,4184080.0,5612,5044,1,-0.00399146,0.401342,27.5887,68.7412,18159,5605,5022,3380,0.105948,19,9,0.685944,0.501677,71.1387
531194,4184080.0,5612,5045,1,-0.00343886,0.384096,27.911,72.6668,18159,5605,5022,3380,0.120543,19,10,0.624728,0.48012,70.9346
531198,4184080.0,5612,5046,1,-0.00838963,0.356125,29.507,82.8558,18159,5606,5021,3380,0.12743,16,18,1.73782,0.445157,77.1126
531200,4184080.0,5612,5047,1,-0.00490158,0.427633,39.766,92.9908,18159,5631,5023,3404,0.134363,29,13,1.1395,0.534541,93.4437
531210,4184080.0,5612,5050,2,-0.00661061,0.412622,41.0851,99.5706,18159,5631,5023,3404,0.212168,28,17,1.64556,0.515778,100.505
531212,4184080.0,5612,5051,2,-0.0121586,0.404956,41.7165,103.015,18159,5631,5023,3404,0.218716,28,18,3.13128,0.506195,102.976
531216,4184080.0,5612,5052,2,-0.0201491,0.382107,42.2552,110.585,18159,5631,5023,3404,0.209035,26,21,5.57046,0.477634,105.472
531218,4184080.0,5612,5053,2,-0.0234061,0.19095,17.6853,92.6174,18159,5638,5060,3396,0.203088,5,35,5.41953,0.238687,82.4958
531252,4184080.0,5612,5064,5,-0.0159397,0.25487,20.1128,78.9139,18159,5637,5060,3396,0.0689666,1,31,3.14467,0.318588,74.4362
531024,4184080.0,5613,4988,1,-0.050793,0.340648,22.1577,65.0458,18159,5621,4969,3407,0.0332815,18,10,8.25968,0.42581,63.6366
531026,4184080.0,5613,4989,1,-0.0327792,0.414736,18.2163,43.9228,18159,5622,5001,3381,0.0664534,9,11,3.59938,0.518419,46.5449
531030,4184080.0,5613,4990,1,-0.0176416,0.417262,16.6023,39.7885,18159,5621,5001,3381,0.131622,5,13,1.75484,0.521578,42.2776
531180,4184080.0,5613,5040,1,-0.0363673,0.448669,27.4677,61.2203,18159,5606,5021,3380,0.19884,23,2,5.56604,0.560837,62.0157
531182,4184080.0,5613,5041,1,-0.0339434,0.428041,27.9298,65.2503,18159,5606,5021,3380,0.143762,15,13,5.53703,0.535052,65.3345
531186,4184080.0,5613,5042,1,-0.0149388,0.394625,28.1967,71.452,18159,5606,5021,3380,0.100361,16,13,2.66853,0.493281,67.1211
531188,4184080.0,5613,5043,1,-0.0065978,0.405891,35.5498,87.5845,18159,5608,5016,3380,0.0899093,25,10,1.44466,0.507364,83.2127
531192,4184080.0,5613,5044,1,-0.0054908,0.458155,38.5808,84.209,18159,5631,5023,3404,0.105145,28,10,1.15594,0.572694,84.7016
531194,4184080.0,5613,5045,1,-0.00769248,0.456614,38.8944,85.18,18159,5631,5023,3404,0.120946,31,8,1.63811,0.570767,86.7597
531198,4184080.0,5613,5046,1,-0.0093742,0.447641,39.2664,87.7185,18159,5631,5023,3404,0.12804,29,11,2.05573,0.559552,89.068
531200,4184080.0,5613,5047,1,-0.00867512,0.438452,39.6028,90.324,18159,5631,5023,3404,0.130793,28,13,1.95893,0.548065,91.4505
531204,4184080.0,5613,5048,1,-0.00206402,0.429876,39.9111,92.8433,18159,5631,5023,3404,0.142129,28,14,0.479076,0.537345,93.8744
531210,4184080.0,5613,5050,2,-0.00102421,0.405531,40.7115,100.391,18159,5631,5023,3404,0.21714,27,17,0.257054,0.506914,98.8122
531212,4184080.0,5613,5051,2,-0.0191181,0.163694,16.2658,99.367,18159,5638,5060,3396,0.229313,2,41,4.74928,0.204618,80.1093
531216,4184080.0,5613,5052,2,-0.0293417,0.189499,16.798,88.6443,18159,5638,5060,3396,0.220633,3,37,6.50243,0.236874,80.4936
531252,4184080.0,5613,5064,5,-0.0218702,0.26246,19.9115,75.8649,18159,5637,5060,3396,0.09624,1,30,4.14796,0.328075,71.4779
531254,4184080.0,5613,5065,5,-0.0206062,0.260115,19.9182,76.5747,18159,5637,5060,3396,0.0744883,2,30,3.94479,0.325143,71.9998
531258,4184080.0,5613,5066,5,-0.0151974,0.255753,19.8213,77.5015,18159,5637,5060,3396,0.057531,1,30,2.94455,0.319692,72.4232
530936,4184080.0,5614,4959,5,-0.00756207,0.386669,36.9784,95.6332,18159,5637,4952,3407,0.253009,16,25,1.80796,0.483336,70.6917
531020,4184080.0,5614,4987,1,-0.0771971,0.370365,21.88,59.0769,18159,5621,4969,3407,0.143119,19,5,11.4014,0.462956,59.6735
531024,4184080.0,5614,4988,1,-0.0688362,0.52454,34.5937,65.9506,18159,5635,4995,3382,0.0756034,18,9,11.3495,0.655675,64.8333
531026,4184080.0,5614,4989,1,-0.0218665,0.443468,19.2425,43.3909,18159,5623,5001,3381,0.122364,9,11,2.37202,0.554335,46.9005
531174,4184080.0,5614,5038,1,-0.0272784,0.455875,25.8674,56.7423,18159,5606,5021,3380,0.262926,14,10,3.86959,0.569843,54.9437
531176,4184080.0,5614,5039,1,-0.0186666,0.447868,28.0273,62.5794,18159,5606,5020,3380,0.233706,17,9,2.92036,0.559835,60.1794
531180,4184080.0,5614,5040,1,-0.0162922,0.448267,34.252,76.4098,18159,5608,5016,3380,0.206584,24,7,3.11221,0.560333,73.4067
531182,4184080.0,5614,5041,1,-0.0257396,0.496623,37.6129,75.7373,18159,5631,5023,3404,0.168606,25,9,4.87363,0.620779,72.1646
531186,4184080.0,5614,5042,1,-0.0203262,0.494043,37.9866,76.8892,18159,5631,5023,3404,0.120084,29,6,3.90716,0.617554,78.0861
531204,4184080.0,5614,5048,2,-0.0076723,0.432795,39.6559,91.6275,18159,5631,5023,3404,0.141557,28,13,1.75748,0.540994,92.1615
531212,4184080.0,5614,5051,2,-0.0202405,0.185501,15.7838,85.0875,18159,5638,5060,3396,0.244412,3,35,4.30553,0.231876,78.6341
531258,4184080.0,5614,5066,5,-0.0121847,0.265455,19.6277,73.9398,18159,5637,5060,3396,0.0706163,1,29,2.25233,0.331819,69.5586
531260,4184080.0,5614,5067,5,-0.00630241,0.264502,19.7372,74.6202,18159,5637,5061,3396,0.044135,0,30,1.17572,0.330628,70.2586
530928,4184080.0,5615,4956,5,-0.00802389,0.370971,35.4196,95.4782,18159,5638,4951,3407,0.220475,16,25,1.91527,0.463714,69.4249
530930,4184080.0,5615,4957,5,-0.0111202,0.419278,34.3416,81.9066,18159,5636,4953,3407,0.219287,20,14,2.27705,0.524098,63.5844
530934,4184080.0,5615,4958,5,-0.00312921,0.467103,31.8291,68.1415,18159,5634,4955,3407,0.228228,21,8,0.533072,0.583879,57.9924
530940,4184080.0,5615,4960,5,-0.00664832,0.546855,28.1972,51.5625,18159,5631,4958,3407,0.212557,17,4,0.85701,0.683569,47.0383
531020,4184080.0,5615,4987,1,-0.0480878,0.363762,21.4341,58.9233,18159,5621,4969,3407,0.166294,22,3,7.08373,0.454702,58.6344
531024,4184080.0,5615,4988,1,-0.0486787,0.543937,34.3151,63.0866,18159,5635,4995,3382,0.114584,18,8,7.67742,0.679921,62.2072
531026,4184080.0,5615,4989,1,-0.0236866,0.457054,20.2834,44.3786,18159,5624,5001,3381,0.141777,11,9,2.62794,0.571318,45.9026
531152,4184080.0,5615,5031,1,-0.050216,0.541774,27.3725,50.5238,18159,5609,5015,3380,0.314183,18,3,6.34275,0.677217,52.3941
531156,4184080.0,5615,5032,1,-0.0465983,0.527927,27.4577,52.0104,18159,5608,5016,3380,0.294679,18,4,6.059,0.659909,51.6483
531158,4184080.0,5615,5033,1,-0.0244456,0.499043,24.9237,49.943,18159,5608,5018,3380,0.288463,17,4,3.05222,0.623803,49.6421
531162,4184080.0,5615,5034,1,-0.00624379,0.504422,25.7796,51.1072,18159,5608,5018,3380,0.29966,18,4,0.797756,0.630527,54.0435
531164,4184080.0,5615,5035,1,-0.0122515,0.493458,26.7151,54.1386,18159,5608,5018,3380,0.319093,19,4,1.6582,0.616823,56.7745
531168,4184080.0,5615,5036,1,-0.0151111,0.472266,27.7287,58.7143,18159,5608,5018,3380,0.3232,20,4,2.21809,0.590332,57.7369
531170,4184080.0,5615,5037,1,-0.0218688,0.472963,31.8904,67.4267,18159,5608,5016,3380,0.299349,23,4,3.68635,0.591204,65.9754
531174,4184080.0,5615,5038,1,-0.0225604,0.504408,36.6465,72.6524,18159,5631,5022,3404,0.26096,30,1,4.09767,0.63051,66.5297
531176,4184080.0,5615,5039,1,-0.0184875,0.526063,36.2149,68.8414,18159,5631,5023,3404,0.231889,26,5,3.18176,0.657579,69.9415
531180,4184080.0,5615,5040,1,-0.0109427,0.522484,36.7367,70.3116,18159,5631,5023,3404,0.218075,29,3,1.92349,0.653105,71.6446
531182,4184080.0,5615,5041,1,-0.0177045,0.519657,37.3146,71.8063,18159,5631,5023,3404,0.191237,30,3,3.17823,0.649571,73.7476
531200,4184080.0,5615,5047,2,-0.0122913,0.447709,39.0492,87.2202,18159,5631,5023,3404,0.14312,29,10,2.68012,0.559636,88.0021
531204,4184080.0,5615,5048,2,-0.00744688,0.429425,39.302,91.5224,18159,5631,5023,3404,0.144299,27,13,1.70389,0.536782,90.5173
531260,4184080.0,5615,5067,5,-0.00567342,0.271741,19.4035,71.4042,18159,5637,5060,3396,0.0531879,1,29,1.01277,0.339677,67.4006
531264,4184080.0,5615,5068,5,-0.00727489,0.272114,19.5915,71.9974,18159,5637,5061,3396,0.026865,0,30,1.30943,0.340142,68.1187
530918,4184090.0,5616,4953,5,-0.0120236,0.387452,33.3699,86.1265,18159,5638,4951,3407,0.208102,16,21,2.58887,0.484315,64.915
530922,4184090.0,5616,4954,5,-0.014753,0.432948,33.1812,76.6401,18159,5637,4952,3407,0.210546,16,16,2.82667,0.541185,61.7242
531020,4184090.0,5616,4987,1,-0.0294234,0.358725,21.132,58.9086,18159,5621,4969,3407,0.157204,21,5,4.33322,0.448406,57.7365
531024,4184090.0,5616,4988,1,-0.0348819,0.559796,33.6864,60.1762,18159,5635,4995,3382,0.127525,18,7,5.24765,0.699745,59.5426
531140,4184090.0,5616,5027,1,-0.0618009,0.598401,27.7569,46.3851,18159,5611,5012,3381,0.387108,17,2,7.1666,0.748002,48.7903
531144,4184090.0,5616,5028,1,-0.0557689,0.583618,28.8441,49.423,18159,5611,5012,3381,0.348246,19,1,6.89066,0.729522,51.5892
531146,4184090.0,5616,5029,1,-0.0345894,0.567691,29.7427,52.3923,18159,5611,5012,3381,0.32655,19,2,4.53055,0.709614,54.5524
531150,4184090.0,5616,5030,1,-0.0300996,0.554902,30.714,55.3503,18159,5611,5012,3381,0.321361,20,2,4.16505,0.693627,57.6048
531152,4184090.0,5616,5031,1,-0.0452851,0.544279,31.7449,58.3246,18159,5611,5012,3381,0.319429,20,3,6.6031,0.680349,60.6945
531156,4184090.0,5616,5032,1,-0.0486824,0.511251,48.7614,95.3766,18159,5634,5007,3404,0.299303,42,0,11.6079,0.639064,91.2722
531158,4184090.0,5616,5033,1,-0.0449222,0.543665,33.0804,60.8471,18159,5631,5021,3404,0.277331,23,3,6.83346,0.679581,56.8626
531162,4184090.0,5616,5034,1,-0.0185953,0.546435,32.951,60.3019,18159,5631,5022,3404,0.276675,25,1,2.80332,0.683044,56.2235
531164,4184090.0,5616,5035,1,-0.0105246,0.538854,32.5842,60.4695,18159,5631,5023,3404,0.292906,22,4,1.59104,0.673568,56.743
531168,4184090.0,5616,5036,1,-0.0126278,0.558517,33.5346,60.0422,18159,5631,5023,3404,0.308865,22,5,1.8955,0.698147,57.5868
531170,4184090.0,5616,5037,1,-0.0264556,0.559125,34.4317,61.5813,18159,5631,5023,3404,0.303705,25,3,4.07293,0.698906,63.3643
531174,4184090.0,5616,5038,1,-0.0264572,0.553616,35.2361,63.6472,18159,5631,5023,3404,0.269222,26,3,4.20982,0.69202,65.243
531176,4184090.0,5616,5039,1,-0.0276726,0.548816,35.9126,65.4364,18159,5631,5023,3404,0.236793,29,1,4.52699,0.68602,67.3107
531198,4184090.0,5616,5046,2,-0.00643778,0.464047,38.4479,82.8535,18159,5631,5023,3404,0.148259,28,9,1.33348,0.580059,83.8519
531200,4184090.0,5616,5047,2,-0.0187796,0.448698,38.7034,86.2573,18159,5631,5023,3404,0.151782,28,10,4.04969,0.560872,86.3856
531204,4184090.0,5616,5048,2,-0.00473684,0.421477,38.8832,92.2546,18159,5631,5023,3404,0.146935,27,12,1.09249,0.526846,88.9461
531206,4184090.0,5616,5049,2,-0.000185045,0.174663,13.9959,80.1309,18159,5638,5060,3396,0.152715,3,31,0.0370695,0.218329,75.3573
531264,4184090.0,5616,5068,5,-0.0036198,0.283245,19.5143,68.8954,18159,5637,5061,3396,0.044396,0,29,0.623469,0.354056,65.2499
531266,4184090.0,5616,5069,5,-0.0200984,0.281214,19.5616,69.5611,18159,5637,5061,3396,0.0205409,0,30,3.49516,0.351518,66.2978
530912,4184090.0,5617,4951,5,-0.00172693,0.438251,31.271,71.354,18159,5637,4952,3407,0.18644,15,17,0.308058,0.547814,58.5474
530916,4184090.0,5617,4952,5,-0.00639221,0.457976,31.7747,69.3807,18159,5637,4952,3407,0.20287,19,10,1.10874,0.57247,58.5085
530918,4184090.0,5617,4953,5,-0.0182664,0.507251,29.8977,58.9407,18159,5635,4954,3407,0.215158,16,8,2.69158,0.634064,55.2631
531018,4184090.0,5617,4986,1,-0.0181973,0.367202,20.3925,55.5348,18159,5621,4969,3407,0.167298,18,4,2.52645,0.459003,54.0646
531020,4184090.0,5617,4987,1,-0.0360059,0.59882,43.6582,72.9071,18159,5641,4991,3382,0.122238,22,5,6.56272,0.748524,74.4587
531024,4184090.0,5617,4988,1,-0.0238683,0.585336,33.4585,57.1612,18159,5635,4995,3382,0.137883,18,6,3.41085,0.73167,56.7389
531140,4184090.0,5617,5027,1,-0.0804784,0.543085,34.5156,63.5547,18159,5616,5006,3381,0.372141,18,5,12.787,0.678856,62.6342
531144,4184090.0,5617,5028,1,-0.0538231,0.593,32.7621,55.2481,18159,5632,5018,3404,0.336869,16,8,7.43406,0.74125,52.9994
531146,4184090.0,5617,5029,1,-0.0512495,0.600693,29.2852,48.7523,18159,5631,5021,3404,0.334462,16,5,6.24633,0.750866,47.6496
531150,4184090.0,5617,5030,1,-0.0394037,0.609576,29.1362,47.7975,18159,5631,5022,3404,0.341162,20,1,4.7085,0.76197,46.887
531152,4184090.0,5617,5031,1,-0.0355363,0.599107,28.8908,48.2231,18159,5631,5023,3404,0.35182,17,4,4.28417,0.748883,47.3998
531156,4184090.0,5617,5032,1,-0.043717,0.608436,29.9029,49.1471,18159,5631,5023,3404,0.353132,18,4,5.37142,0.760544,48.3844
531198,4184090.0,5617,5046,2,-0.00124963,0.468255,38.1472,81.4668,18159,5631,5023,3404,0.137847,28,8,0.254508,0.585319,82.2641
531200,4184090.0,5617,5047,2,-0.00838214,0.447818,38.323,85.5772,18159,5631,5023,3404,0.151653,27,10,1.7933,0.559773,84.8448
531204,4184090.0,5617,5048,2,-0.00394976,0.156814,13.4001,85.4527,18159,5638,5060,3396,0.154351,2,34,0.843794,0.196017,72.9866
531266,4184090.0,5617,5069,5,-0.00394759,0.293134,19.4485,66.3466,18159,5637,5061,3396,0.0470433,0,27,0.654772,0.366418,63.321
530904,4184090.0,5618,4948,5,-0.0117304,0.444555,30.3897,68.3597,18159,5638,4951,3407,0.160712,15,15,2.00471,0.555694,59.2134
530906,4184090.0,5618,4949,5,-0.00465102,0.466641,30.0409,64.3769,18159,5637,4952,3407,0.178035,16,11,0.748546,0.583301,56.1586
531018,4184090.0,5618,4986,1,-0.0255358,0.379211,20.4374,53.8946,18159,5621,4969,3407,0.0837326,19,2,3.44061,0.474013,53.3604
531020,4184090.0,5618,4987,1,-0.0223157,0.629869,43.4261,68.9447,18159,5641,4991,3382,0.102443,21,5,3.84638,0.787336,68.4299
531024,4184090.0,5618,4988,1,-0.0224288,0.615613,33.0015,53.6075,18159,5635,4995,3382,0.151432,18,5,3.00587,0.769517,53.2067
531200,4184090.0,5618,5047,2,-0.0015188,0.44566,37.8582,84.9484,18159,5631,5023,3404,0.158415,27,9,0.322548,0.557076,83.3846
531266,4184090.0,5618,5069,5,-0.0108175,0.307335,19.3473,62.952,18159,5637,5061,3396,0.0787933,1,25,1.70245,0.384168,60.0914
531270,4184090.0,5618,5070,5,-0.0162745,0.308558,19.4806,63.1344,18159,5637,5062,3396,0.0542621,0,28,2.5687,0.385697,61.0631
530898,4184100.0,5619,4946,5,-0.0223858,0.466678,29.4326,63.0684,18159,5638,4951,3407,0.144395,16,11,3.5296,0.583348,57.1622
530900,4184100.0,5619,4947,5,-0.0100929,0.490527,28.9391,58.996,18159,5637,4952,3407,0.164617,15,11,1.4886,0.613158,54.2464
531198,4184100.0,5619,5046,2,-0.00167906,0.475626,37.3054,78.4344,18159,5631,5023,3404,0.152367,27,7,0.329241,0.594532,79.3349
531270,4184100.0,5619,5070,5,-0.00373317,0.321719,19.3068,60.0115,18159,5637,5062,3396,0.0875448,0,25,0.560083,0.402148,58.1462
531272,4184100.0,5619,5071,5,-0.0301823,0.322361,19.4492,60.3337,18159,5637,5062,3396,0.0573886,3,23,4.55252,0.402952,58.5449
530888,4184100.0,5620,4943,5,-0.0278545,0.376171,37.7411,100.33,18159,5648,4947,3408,0.106828,16,29,6.98659,0.470214,86.1266
530892,4184100.0,5620,4944,5,-0.026164,0.380943,37.9506,99.6226,18159,5648,4947,3408,0.113951,16,28,6.51631,0.476179,82.8778
530894,4184100.0,5620,4945,5,-0.0143311,0.490289,28.8293,58.8007,18159,5638,4951,3407,0.135347,16,9,2.1067,0.612861,55.0763
530898,4184100.0,5620,4946,5,-0.00120624,0.50934,28.1852,55.3367,18159,5637,4952,3407,0.167936,14,10,0.166873,0.636675,55.7478
531198,4184100.0,5620,5046,2,-0.0100983,0.477983,36.8578,77.1111,18159,5631,5023,3404,0.147676,27,6,1.94673,0.597479,78.0034
531200,4184100.0,5620,5047,2,-0.000113735,0.15637,11.8474,75.7651,18159,5638,5060,3396,0.149812,2,30,0.0215428,0.195463,67.2249
531272,4184100.0,5620,5071,5,-0.00795669,0.334887,19.1674,57.2353,18159,5637,5062,3396,0.0933631,4,21,1.13851,0.418609,55.8007
530882,4184100.0,5621,4941,1,-0.00787946,0.380542,36.7995,96.7028,18159,5648,4947,3408,0.131736,16,26,1.90491,0.475677,83.7458
530886,4184100.0,5621,4942,5,-0.0242149,0.392784,37.1181,94.5001,18159,5648,4947,3408,0.14382,16,25,5.72078,0.49098,80.6504
530888,4184100.0,5621,4943,5,-0.0241608,0.391144,37.3706,95.5419,18159,5648,4947,3408,0.146402,16,26,5.77091,0.48893,80.2336
530892,4184100.0,5621,4944,5,-0.0220257,0.392018,37.5798,95.8624,18159,5648,4947,3408,0.151109,10,31,5.27858,0.490023,80.0709
530894,4184100.0,5621,4945,5,-0.00874607,0.504731,27.586,54.6549,18159,5637,4952,3407,0.166388,15,7,1.19504,0.630914,52.0455
531198,4184100.0,5621,5046,2,-0.0148903,0.479435,36.468,76.0646,18159,5631,5023,3404,0.144771,27,5,2.83155,0.599294,76.7663
531200,4184100.0,5621,5047,2,-0.00567947,0.168471,11.4495,67.9612,18159,5638,5060,3396,0.13886,3,26,0.964959,0.210589,65.5341
531272,4184100.0,5621,5071,5,-0.0177062,0.351355,19.0215,54.1374,18159,5637,5062,3396,0.120522,4,20,2.39642,0.439194,53.033
531276,4184100.0,5621,5072,5,-0.024136,0.32367,24.1913,74.7404,18159,5643,5062,3396,0.0900778,11,20,4.50983,0.404588,72.3422
530886,4184110.0,5622,4942,5,-0.00959067,0.400956,36.7123,91.5619,18159,5648,4947,3408,0.158489,16,24,2.19535,0.501195,77.7198
530888,4184110.0,5622,4943,5,-0.012245,0.397937,36.9211,92.7813,18159,5648,4947,3408,0.172414,15,26,2.84027,0.497422,77.2865
530892,4184110.0,5622,4944,5,-0.00923642,0.527974,27.7237,52.5097,18159,5638,4951,3407,0.177916,16,6,1.2125,0.659967,54.2284
531198,4184110.0,5622,5046,2,-0.018747,0.478866,36.0943,75.3744,18159,5631,5023,3404,0.144992,26,5,3.5326,0.598583,75.6283
531200,4184110.0,5622,5047,2,-0.0128722,0.171541,11.0795,64.5877,18159,5638,5060,3396,0.133478,3,25,2.07846,0.214427,63.2376
531276,4184110.0,5622,5072,5,-0.0209513,0.332852,24.7939,74.489,18159,5644,5062,3396,0.133908,14,17,3.9016,0.416066,72.4266
531278,4184110.0,5622,5073,5,-0.0436008,0.340045,27.8386,81.8675,18159,5647,5062,3396,0.098958,25,10,8.92371,0.425056,83.0805
530886,4184110.0,5623,4942,5,-0.00347005,0.408217,36.2498,88.8003,18159,5648,4947,3408,0.171565,16,23,0.770353,0.510271,74.7835
530888,4184110.0,5623,4943,5,-0.00308642,0.404324,36.3737,89.9617,18159,5648,4947,3408,0.178511,13,27,0.694149,0.505405,74.3454
531198,4184110.0,5623,5046,2,-0.00750151,0.476042,35.6605,74.9105,18159,5631,5023,3404,0.138536,24,6,1.40486,0.595052,74.5929
531200,4184110.0,5623,5047,2,-0.00985053,0.174175,10.6695,61.2573,18159,5638,5060,3396,0.133161,3,24,1.50854,0.217719,60.9956
531278,4184110.0,5623,5073,5,-0.0368113,0.349903,27.4716,78.512,18159,5647,5062,3396,0.149026,24,10,7.22532,0.437379,80.5053
531282,4184110.0,5623,5074,5,-0.0504205,0.337707,28.6605,84.868,18159,5648,5062,3396,0.118137,19,17,10.6977,0.422134,84.3416
531284,4184110.0,5623,5075,5,-0.0476552,0.268125,28.3224,105.631,18159,5648,5062,3396,0.141958,21,26,12.5847,0.335156,85.3744
531288,4184110.0,5623,5076,5,-0.00307748,0.268502,27.6456,102.963,18159,5648,5062,3396,0.153539,21,25,0.792162,0.335627,86.8377
531290,4184110.0,5624,5077,5,-0.00122122,0.284032,27.1067,95.4353,18159,5648,5062,3396,0.139945,21,21,0.29137,0.355041,85.8604
531194,4184120.0,5625,5045,2,-0.00962657,0.514943,35.0146,67.9972,18159,5631,5023,3404,0.0752233,24,3,1.63645,0.643678,69.9552
530886,4184120.0,5626,4942,5,-0.000832883,0.434619,34.8914,80.2806,18159,5648,4947,3408,0.116922,13,23,0.167161,0.543273,66.0839
530888,4184120.0,5626,4943,5,-0.0139157,0.588301,28.0903,47.7481,18159,5640,4950,3407,0.0947759,18,2,1.66112,0.735376,46.2742
531194,4184120.0,5626,5045,2,-0.0148019,0.516456,34.7949,67.3724,18159,5631,5023,3404,0.0631792,21,5,2.4931,0.64557,69.2266
531198,4184120.0,5626,5046,2,-0.00807127,0.170425,9.7789,57.3795,18159,5638,5060,3396,0.0530473,2,23,1.15781,0.213031,56.2587
531200,4184120.0,5626,5047,2,-0.00256102,0.186143,9.7623,52.445,18159,5638,5060,3396,0.0688568,3,21,0.335782,0.232679,54.5664
531294,4184120.0,5626,5078,5,-0.00735877,0.309523,26.3435,85.1101,18159,5648,5062,3396,0.131254,20,17,1.56576,0.386903,82.6653
531296,4184120.0,5626,5079,5,-0.0217044,0.30218,26.3204,87.1017,18159,5648,5062,3396,0.098856,21,17,4.72623,0.377725,84.4729
530882,4184120.0,5627,4941,5,-0.0177966,0.454869,34.4467,75.7288,18159,5648,4947,3408,0.165993,13,21,3.36929,0.568586,63.9576
530886,4184120.0,5627,4942,5,-0.0399992,0.469757,34.3487,73.1201,18159,5647,4948,3408,0.122628,12,21,7.31187,0.587196,63.2258
531194,4184120.0,5627,5045,2,-0.00828146,0.516528,34.6779,67.1366,18159,5631,5023,3404,0.0492857,24,5,1.38997,0.64566,68.6218
531198,4184120.0,5627,5046,2,-0.00859148,0.176674,9.61707,54.4339,18159,5638,5060,3396,0.0392447,2,22,1.16917,0.220843,54.3943
531296,4184120.0,5627,5079,5,-0.0353924,0.311929,26.0485,83.5079,18159,5648,5062,3396,0.15697,21,16,7.38887,0.389911,82.1484
531300,4184120.0,5627,5080,5,-0.0318862,0.302812,25.9767,85.7849,18159,5648,5062,3396,0.104666,23,15,6.83839,0.378515,84.0687
530880,4184120.0,5628,4940,5,-0.00299831,0.471922,33.5123,71.0124,18159,5648,4947,3408,0.214041,12,20,0.532293,0.589902,62.1585
530882,4184120.0,5628,4941,5,-0.042226,0.484157,33.6891,69.5831,18159,5647,4948,3408,0.201345,11,20,7.34554,0.605196,61.0199
531194,4184120.0,5628,5045,2,-0.0141995,0.521216,34.6099,66.4021,18159,5631,5023,3404,0.0372256,21,5,2.3572,0.65152,68.1425
531198,4184120.0,5628,5046,2,-0.00583877,0.182011,9.49283,52.1552,18159,5638,5060,3396,0.0296668,2,21,0.761305,0.227514,52.517
531300,4184120.0,5628,5080,5,-0.0512789,0.31143,25.7085,82.55,18159,5648,5062,3396,0.183917,22,15,10.5827,0.389287,81.8404
531302,4184120.0,5628,5081,5,-0.0345265,0.301676,25.5956,84.8446,18159,5648,5062,3396,0.10163,24,14,7.32348,0.377095,83.8723
530880,4184130.0,5629,4940,5,-0.0153062,0.49696,32.6219,65.6428,18159,5647,4948,3408,0.23542,10,19,2.51185,0.6212,59.3104
531194,4184130.0,5629,5045,2,-0.0143223,0.520991,34.5557,66.3269,18159,5631,5023,3404,0.0306061,21,6,2.37489,0.651239,67.7967
531198,4184130.0,5629,5046,2,-0.0108941,0.186897,9.46402,50.6377,18159,5638,5060,3396,0.0256117,2,20,1.37913,0.233621,50.5548
531302,4184130.0,5629,5081,5,-0.0611077,0.309844,25.3425,81.7912,18159,5648,5062,3396,0.181081,24,13,12.4952,0.387305,81.7483
531306,4184130.0,5629,5082,5,-0.0281424,0.299336,25.211,84.2231,18159,5648,5062,3396,0.0930633,25,13,5.92561,0.374169,83.8764
530870,4184130.0,5630,4937,5,-0.00379953,0.391394,40.6624,103.891,18159,5661,4941,3408,0.244405,18,26,0.986844,0.489242,94.9882
530874,4184130.0,5630,4938,5,-0.00447867,0.49608,31.7184,63.9381,18159,5648,4947,3408,0.228145,14,14,0.715894,0.620101,58.554
530876,4184130.0,5630,4939,5,-0.010492,0.506454,32.0404,63.2641,18159,5648,4947,3408,0.246814,10,17,1.65941,0.633068,58.3288
531194,4184130.0,5630,5045,2,-0.0124728,0.521034,34.5099,66.2336,18159,5631,5023,3404,0.0297996,17,9,2.0653,0.651293,67.5789
531198,4184130.0,5630,5046,2,-0.0161844,0.203931,10.1126,49.5883,18159,5639,5060,3396,0.0261638,1,21,2.00639,0.254914,51.4531
531306,4184130.0,5630,5082,5,-0.0573972,0.307307,24.9634,81.2327,18159,5648,5062,3396,0.153067,25,12,11.6563,0.384134,81.8622
531308,4184130.0,5630,5083,5,-0.0168619,0.295829,24.8861,84.1234,18159,5648,5062,3396,0.0695786,21,17,3.54621,0.369786,84.0406
530870,4184130.0,5631,4937,5,-0.0221343,0.486791,30.8309,63.3351,18159,5648,4947,3408,0.244795,14,14,3.5047,0.608488,60.393
530874,4184130.0,5631,4938,5,-0.0122665,0.51769,31.1412,60.1542,18159,5648,4947,3408,0.254024,12,15,1.8447,0.647112,56.3253
531194,4184130.0,5631,5045,2,-0.0159807,0.520662,34.4668,66.198,18159,5631,5023,3404,0.0331413,17,10,2.64473,0.650827,67.5001
531198,4184130.0,5631,5046,2,-0.017329,0.216712,10.7676,49.686,18159,5640,5060,3396,0.0308896,2,20,2.15252,0.270891,51.281
531308,4184130.0,5631,5083,5,-0.0464632,0.304364,24.6872,81.1107,18159,5648,5062,3396,0.10758,20,17,9.42165,0.380455,82.1379
530870,4184140.0,5632,4937,5,-0.00850832,0.522042,30.0458,57.5545,18159,5648,4947,3408,0.237163,14,11,1.22423,0.652552,54.6688
531194,4184140.0,5632,5045,2,-0.0217778,0.518256,34.8046,67.1572,18159,5632,5023,3404,0.0418347,20,7,3.65633,0.64782,67.5167
531198,4184140.0,5632,5046,2,-0.0174354,0.241419,12.2458,50.7243,18159,5642,5060,3396,0.0399964,2,21,2.211,0.301774,53.3753
531308,4184140.0,5632,5083,5,-0.074722,0.309042,24.407,78.9766,18159,5648,5062,3396,0.203032,19,17,14.7532,0.386302,80.2155
531312,4184140.0,5632,5084,5,-0.0334557,0.300111,24.4643,81.5174,18159,5648,5062,3396,0.0636979,17,20,6.81805,0.375139,82.3758
530868,4184140.0,5633,4936,5,-0.0125792,0.508238,29.2958,57.6419,18159,5648,4947,3408,0.193105,13,12,1.81272,0.635298,56.8963
531194,4184140.0,5633,5045,2,-0.018735,0.468736,80.6949,172.154,18159,5646,4990,3382,0.0556093,35,32,8.06328,0.58592,171.19
531198,4184140.0,5633,5046,2,-0.0166244,0.281601,15.982,56.7539,18159,5646,5060,3396,0.0491746,5,21,2.35875,0.352002,58.7892
531312,4184140.0,5633,5084,5,-0.0562122,0.305446,24.3075,79.5805,18159,5648,5062,3396,0.137715,18,18,11.1835,0.381807,80.5782
531314,4184140.0,5633,5085,5,-0.0143374,0.293926,24.3045,82.6892,18159,5648,5062,3396,0.02298,19,18,2.96388,0.367407,82.9736
530864,4184140.0,5634,4935,5,-0.026438,0.396833,38.8605,97.9268,18159,5662,4941,3408,0.196922,21,20,6.47247,0.496041,85.5418
530868,4184140.0,5634,4936,5,-0.0208096,0.532037,28.7432,54.0248,18159,5648,4947,3408,0.203846,14,10,2.81059,0.665047,54.7035
531194,4184140.0,5634,5045,2,-0.0173365,0.465529,82.2203,176.617,18159,5647,4989,3382,0.06254,46,22,7.65477,0.581911,173.964
531198,4184140.0,5634,5046,2,-0.0216059,0.352471,22.5493,63.9749,18159,5652,5057,3396,0.0604782,11,17,3.45559,0.440588,62.6944
531314,4184140.0,5634,5085,5,-0.0467226,0.300887,24.2718,80.6673,18159,5648,5062,3396,0.0828675,21,15,9.42246,0.376109,81.3905
530864,4184140.0,5635,4935,5,-0.027289,0.514094,29.5335,57.4476,18159,5649,4947,3408,0.213486,17,8,3.91922,0.642617,56.1827
530868,4184140.0,5635,4936,5,-0.0302471,0.553264,28.1363,50.855,18159,5648,4947,3408,0.229835,14,9,3.84554,0.69158,52.4581
531194,4184140.0,5635,5045,2,-0.0138461,0.482295,41.1597,85.3414,18159,5663,5048,3397,0.0690528,21,13,2.95411,0.602868,82.8514
531198,4184140.0,5635,5046,2,-0.0246893,0.483816,36.8648,76.1959,18159,5660,5051,3396,0.0743836,16,13,4.70306,0.604769,75.0771
531314,4184140.0,5635,5085,5,-0.0699516,0.305578,24.2206,79.2615,18159,5648,5062,3396,0.17092,19,16,13.8612,0.381973,79.8819
531318,4184140.0,5635,5086,5,-0.0295164,0.29543,24.2219,81.9886,18159,5648,5062,3396,0.0328591,19,17,6.05003,0.369288,82.527
530862,4184150.0,5636,4934,5,-0.0136635,0.401368,38.2006,95.1758,18159,5663,4941,3408,0.206063,21,20,3.25108,0.50171,84.7729
530864,4184150.0,5636,4935,5,-0.0285304,0.544013,28.9101,53.1423,18159,5649,4947,3408,0.214949,16,8,3.79043,0.680016,54.7026
531192,4184150.0,5636,5044,2,-0.027597,0.480585,81.6676,169.934,18159,5647,4989,3382,0.114742,47,18,11.7241,0.600731,169.768
531194,4184150.0,5636,5045,2,-0.0244766,0.505997,40.9985,81.0251,18159,5663,5048,3397,0.0950329,21,10,4.95804,0.632496,80.1274
531198,4184150.0,5636,5046,2,-0.0286243,0.510791,39.4482,77.2298,18159,5662,5049,3396,0.0995032,23,5,5.52662,0.638488,77.0961
531318,4184150.0,5636,5086,5,-0.0501303,0.310852,25.1095,80.7765,18159,5649,5062,3396,0.097532,20,16,10.1234,0.388565,83.909
530858,4184150.0,5637,4933,5,-0.01629,0.375128,38.2215,101.889,18159,5664,4941,3408,0.181086,23,23,4.14945,0.46891,85.5704
530862,4184150.0,5637,4934,5,-0.0199936,0.430146,36.9002,85.7854,18159,5662,4941,3408,0.182328,18,19,4.28789,0.537683,78.8707
530864,4184150.0,5637,4935,5,-0.0178267,0.564787,28.243,50.0064,18159,5649,4947,3408,0.197118,16,7,2.22862,0.705984,52.6172
531188,4184150.0,5637,5043,2,-0.0103163,0.488801,80.9069,165.521,18159,5647,4989,3382,0.190213,45,18,4.26894,0.611001,166.259
531192,4184150.0,5637,5044,2,-0.0258418,0.471428,81.3112,172.479,18159,5647,4989,3382,0.141486,58,10,11.1429,0.589285,169.201
531194,4184150.0,5637,5045,2,-0.0411975,0.522694,40.7109,77.8867,18159,5663,5048,3397,0.129226,22,6,8.02184,0.653368,77.1795
531198,4184150.0,5637,5046,2,-0.0296489,0.52691,39.1011,74.2084,18159,5662,5049,3396,0.133588,19,8,5.50049,0.658637,73.9825
531318,4184150.0,5637,5086,5,-0.0507147,0.314077,25.0481,79.7513,18159,5649,5062,3396,0.147571,18,17,10.1114,0.392596,82.4844
531320,4184150.0,5637,5087,5,-0.0297812,0.304331,25.1691,82.703,18159,5649,5062,3396,0.0455855,17,19,6.1575,0.380414,85.1665
530856,4184150.0,5638,4932,5,-0.0230123,0.351526,37.5786,106.901,18159,5665,4940,3408,0.186817,22,26,6.15012,0.439408,83.4703
530858,4184150.0,5638,4933,5,-0.0181142,0.418505,37.0146,88.4447,18159,5663,4941,3408,0.173783,21,17,4.00527,0.523131,79.9061
530862,4184150.0,5638,4934,5,-0.0117219,0.447844,34.2778,76.5397,18159,5660,4941,3408,0.154398,16,16,2.24298,0.559805,68.9331
531186,4184150.0,5638,5042,2,-0.00360578,0.495999,80.0976,161.488,18159,5647,4989,3382,0.200793,47,14,1.45572,0.619998,162.779
531188,4184150.0,5638,5043,2,-0.00986951,0.484042,80.4523,166.209,18159,5647,4989,3382,0.191222,55,13,4.10101,0.605052,165.737
531192,4184150.0,5638,5044,2,-0.0366532,0.518791,40.2181,77.5227,18159,5663,5048,3397,0.167945,20,10,7.10363,0.648489,76.1419
531194,4184150.0,5638,5045,2,-0.0361585,0.537835,40.2208,74.7827,18159,5663,5048,3397,0.165092,23,4,6.76007,0.672294,74.2312
531320,4184150.0,5638,5087,5,-0.0319201,0.308807,25.1829,81.5491,18159,5649,5062,3396,0.0748876,17,18,6.50764,0.386008,83.8679
530852,4184160.0,5639,4931,5,-0.024866,0.343352,36.7474,107.025,18159,5665,4940,3408,0.214427,18,30,6.65324,0.42919,80.8917
530856,4184160.0,5639,4932,5,-0.0225612,0.412484,36.1223,87.5725,18159,5663,4941,3408,0.195167,24,14,4.93936,0.515605,77.2993
530858,4184160.0,5639,4933,5,-0.00288651,0.437411,35.5534,81.2815,18159,5662,4941,3408,0.179112,21,13,0.58655,0.546763,73.0476
531182,4184160.0,5639,5041,2,-0.0178448,0.502647,79.2849,157.735,18159,5647,4989,3382,0.228925,47,12,7.03687,0.628309,159.339
531186,4184160.0,5639,5042,2,-0.014394,0.492559,79.7608,161.931,18159,5647,4989,3382,0.208345,55,11,5.82709,0.615699,162.305
531188,4184160.0,5639,5043,2,-0.032722,0.532771,42.8476,80.4241,18159,5665,5047,3397,0.19686,31,2,6.57909,0.665964,77.272
531192,4184160.0,5639,5044,2,-0.0482868,0.552254,39.8483,72.1558,18159,5663,5048,3397,0.205096,18,9,8.71043,0.690317,71.4554
531320,4184160.0,5639,5087,5,-0.0172091,0.311652,25.1264,80.6233,18159,5649,5062,3396,0.0919925,15,19,3.46863,0.389565,82.6642
531324,4184160.0,5639,5088,5,-0.0116497,0.299656,25.246,84.25,18159,5649,5062,3396,0.0390105,16,19,2.45372,0.37457,85.4577
530850,4184160.0,5640,4930,5,-0.00436469,0.347014,35.5784,102.527,18159,5665,4940,3408,0.231842,18,28,1.11875,0.433768,79.1824
530852,4184160.0,5640,4931,5,-0.0204684,0.413564,35.4415,85.6977,18159,5663,4941,3408,0.234675,21,17,4.38525,0.516956,75.2058
530856,4184160.0,5640,4932,5,-0.0170794,0.447414,35.7138,79.8227,18159,5663,4941,3408,0.228603,22,13,3.40831,0.559268,75.8975
530858,4184160.0,5640,4933,5,-0.0091552,0.478916,34.2907,71.6007,18159,5661,4941,3408,0.213946,16,14,1.6388,0.598645,68.7411
531182,4184160.0,5640,5041,2,-0.0286426,0.498785,78.8752,158.135,18159,5647,4989,3382,0.217212,52,10,11.3235,0.623481,158.912
531186,4184160.0,5640,5042,2,-0.0264207,0.54469,48.6294,89.2789,18159,5669,5042,3397,0.204052,34,2,5.89703,0.680863,85.5108
531188,4184160.0,5640,5043,2,-0.0267162,0.554446,40.5583,73.1511,18159,5664,5048,3397,0.21354,21,7,4.8858,0.693057,74.642
531326,4184160.0,5640,5089,5,-0.00345143,0.27732,25.3493,91.4081,18159,5649,5062,3396,0.031714,17,22,0.788722,0.34665,87.2458
530850,4184160.0,5641,4930,5,-0.00687023,0.412359,34.2503,83.0593,18159,5663,4941,3408,0.227258,22,14,1.42659,0.515449,73.4922
530852,4184160.0,5641,4931,5,-0.0110337,0.44721,34.7431,77.6886,18159,5663,4941,3408,0.248813,20,13,2.14298,0.559013,73.7682
530856,4184160.0,5641,4932,5,-0.00747915,0.470094,34.2291,72.8133,18159,5662,4941,3408,0.26459,18,13,1.36145,0.587618,69.3735
531180,4184160.0,5641,5040,2,-0.071834,0.505709,78.1845,154.604,18159,5647,4989,3382,0.296891,47,9,27.7645,0.632137,155.558
531182,4184160.0,5641,5041,2,-0.0550619,0.463627,78.6048,169.543,18159,5647,4989,3382,0.229092,62,9,23.3385,0.579533,158.485
531186,4184160.0,5641,5042,2,-0.0339904,0.568151,41.425,72.9119,18159,5665,5047,3397,0.216288,24,4,6.19576,0.710189,72.0726
530846,4184170.0,5642,4929,5,-0.00879562,0.416141,33.3788,80.2102,18159,5663,4941,3408,0.200986,22,12,1.76375,0.520177,72.0838
530850,4184170.0,5642,4930,5,-0.0191299,0.44581,33.7755,75.7621,18159,5663,4941,3408,0.219889,23,10,3.62329,0.557262,71.8999
530852,4184170.0,5642,4931,5,-0.00815153,0.462086,33.265,71.9888,18159,5662,4941,3408,0.253386,20,11,1.46705,0.577607,66.6649
531176,4184170.0,5642,5039,2,-0.0420746,0.505185,76.453,151.337,18159,5647,4989,3382,0.39111,50,8,15.9186,0.631482,152.252
531180,4184170.0,5642,5040,2,-0.0730662,0.491555,77.4308,157.522,18159,5647,4989,3382,0.330492,58,9,28.7738,0.614444,155.237
531182,4184170.0,5642,5041,2,-0.0550924,0.583196,45.8702,78.6532,18159,5668,5043,3397,0.283568,26,5,10.833,0.728995,76.7259
531186,4184170.0,5642,5042,2,-0.0451561,0.586621,40.8663,69.6639,18159,5665,5047,3397,0.288894,22,5,7.86436,0.733276,69.2123
530844,4184170.0,5643,4928,5,-0.00793651,0.418958,33.4427,79.8235,18159,5664,4941,3408,0.173194,23,12,1.5838,0.523698,75.1477
530846,4184170.0,5643,4929,5,-0.0154682,0.445062,32.88,73.8774,18159,5663,4941,3408,0.201888,22,11,2.85688,0.556327,70.3628
530850,4184170.0,5643,4930,5,-0.0159326,0.467658,33.158,70.9022,18159,5663,4941,3408,0.229155,20,10,2.82414,0.584573,69.8361
531174,4184170.0,5643,5038,2,-0.0189964,0.505612,74.8981,148.133,18159,5647,4989,3382,0.330479,51,9,7.03501,0.632015,148.993
531176,4184170.0,5643,5039,2,-0.024099,0.493138,75.8322,153.775,18159,5647,4989,3382,0.348494,54,9,9.26455,0.616423,151.983
531180,4184170.0,5643,5040,2,-0.0411924,0.576005,47.3141,82.1418,18159,5670,5041,3397,0.353598,29,2,8.45905,0.720006,79.6233
531182,4184170.0,5643,5041,2,-0.0464718,0.565953,39.6975,70.1428,18159,5665,5047,3397,0.334979,26,1,8.14915,0.707442,67.8349
530840,4184170.0,5644,4927,5,-0.023429,0.409933,32.7956,80.0022,18159,5664,4941,3408,0.162548,22,13,4.68594,0.512416,73.4472
530844,4184170.0,5644,4928,5,-0.0193271,0.442596,32.213,72.782,18159,5663,4941,3408,0.182371,23,8,3.51666,0.553246,68.8965
530846,4184170.0,5644,4929,5,-0.013568,0.463134,32.2728,69.6836,18159,5663,4941,3408,0.217929,23,7,2.36367,0.578917,68.1523
531170,4184170.0,5644,5037,2,-0.0594973,0.508738,73.9731,145.405,18159,5647,4989,3382,0.306891,51,9,21.628,0.635922,145.785
531174,4184170.0,5644,5038,2,-0.0359333,0.495337,74.4532,150.308,18159,5647,4989,3382,0.284485,50,7,13.5027,0.619172,148.751
531176,4184170.0,5644,5039,2,-0.00842456,0.572378,45.3048,79.1519,18159,5670,5040,3397,0.316695,25,5,1.66705,0.715473,76.5309
531180,4184170.0,5644,5040,2,-0.0288148,0.584561,43.5409,74.4848,18159,5668,5043,3397,0.349114,25,3,5.36566,0.730701,71.7862
530838,4184180.0,5645,4926,5,-0.0268876,0.399672,32.1798,80.5156,18159,5665,4940,3408,0.183547,22,13,5.41218,0.49959,72.6592
530840,4184180.0,5645,4927,5,-0.0274547,0.440127,32.3423,73.4839,18159,5664,4941,3408,0.184407,23,9,5.0437,0.550159,71.8505
530844,4184180.0,5645,4928,5,-0.0146926,0.45743,31.5792,69.0361,18159,5663,4941,3408,0.209729,22,8,2.53581,0.571788,66.693
531168,4184180.0,5645,5036,2,-0.0496237,0.507781,72.4814,142.741,18159,5647,4989,3382,0.316139,49,9,17.7084,0.634726,142.631
531170,4184180.0,5645,5037,2,-0.0415261,0.495314,73.4315,148.252,18159,5647,4989,3382,0.282967,53,8,15.3909,0.619143,145.609
531174,4184180.0,5645,5038,2,-0.0357122,0.577646,45.8839,79.4327,18159,5671,5039,3397,0.278645,23,7,7.0918,0.722057,76.5839
531176,4184180.0,5645,5039,2,-0.00837815,0.591159,43.5166,73.6124,18159,5669,5042,3397,0.308392,26,2,1.54184,0.738949,72.6978
530838,4184180.0,5646,4926,5,-0.0270685,0.427654,31.6036,73.8999,18159,5664,4941,3408,0.20105,22,10,5.00091,0.534567,70.5497
530840,4184180.0,5646,4927,5,-0.0290125,0.454761,31.7163,69.7428,18159,5664,4941,3408,0.216953,23,8,5.05854,0.568451,69.6889
531164,4184180.0,5646,5035,2,-0.0605716,0.512733,71.5571,139.56,18159,5647,4989,3382,0.267117,44,8,21.1334,0.640917,139.525
531168,4184180.0,5646,5036,2,-0.026965,0.483439,72.0245,148.984,18159,5647,4989,3382,0.26467,51,8,10.0433,0.604299,142.523
531170,4184180.0,5646,5037,2,-0.0162083,0.585042,44.7337,76.4624,18159,5671,5039,3397,0.2854,23,7,3.09831,0.731303,73.696
531174,4184180.0,5646,5038,2,-0.0297879,0.602175,43.3889,72.0536,18159,5670,5040,3397,0.294392,22,5,5.36581,0.752719,70.7551
530834,4184180.0,5647,4925,5,-0.013753,0.419022,30.8684,73.6676,18159,5665,4940,3408,0.185641,22,10,2.53288,0.523778,69.883
530838,4184180.0,5647,4926,5,-0.0240907,0.44213,30.9582,70.0205,18159,5664,4941,3408,0.22155,22,9,4.2171,0.552662,68.4801
531162,4184180.0,5647,5034,2,-0.115619,0.515545,70.685,137.107,18159,5647,4989,3382,0.324688,48,8,39.6306,0.644431,136.5
531164,4184180.0,5647,5035,2,-0.0444213,0.489461,72.8985,148.936,18159,5648,4988,3382,0.265663,53,6,16.5399,0.611826,142.531
531168,4184180.0,5647,5036,2,-0.0153274,0.588575,43.4674,73.852,18159,5671,5039,3397,0.26637,21,9,2.8299,0.735719,73.933
531170,4184180.0,5647,5037,2,-0.0186849,0.608955,43.991,72.2402,18159,5671,5039,3397,0.299176,21,6,3.37451,0.761194,70.8538
530832,4184180.0,5648,4924,5,-0.0213595,0.411526,30.2087,73.4065,18159,5665,4940,3408,0.162851,16,16,3.91981,0.514407,68.1314
530834,4184180.0,5648,4925,5,-0.021198,0.43389,30.365,69.9832,18159,5665,4940,3408,0.190303,22,9,3.70876,0.542362,67.8232
531162,4184180.0,5648,5034,2,-0.056592,0.497113,71.6355,144.103,18159,5648,4988,3382,0.347199,49,8,20.3877,0.621391,139.5
531164,4184180.0,5648,5035,2,-0.0364911,0.592933,43.7298,73.7517,18159,5672,5038,3397,0.323358,20,10,6.7282,0.741167,71.0539
531168,4184180.0,5648,5036,2,-0.0339228,0.615393,42.7182,69.4162,18159,5671,5039,3397,0.31031,21,6,5.88698,0.769241,68.0804
530832,4184190.0,5649,4924,5,-0.0230678,0.426562,29.7228,69.68,18159,5665,4940,3408,0.159714,18,13,4.0184,0.533202,66.4115
530834,4184190.0,5649,4925,5,-0.0199691,0.444535,29.7512,66.9266,18159,5665,4940,3408,0.202285,22,8,3.34117,0.555669,65.676
531158,4184190.0,5649,5033,2,-0.0385286,0.498912,70.0236,140.352,18159,5648,4988,3382,0.364538,49,6,13.519,0.623641,136.533
531162,4184190.0,5649,5034,2,-0.0169986,0.592022,43.5141,73.5008,18159,5673,5037,3397,0.347336,26,4,3.12353,0.740028,70.9161
531164,4184190.0,5649,5035,2,-0.0315739,0.623079,41.4648,66.5483,18159,5671,5039,3397,0.352154,21,6,5.25297,0.778849,65.3692
530828,4184190.0,5650,4923,5,-0.0193531,0.398611,34.5534,86.6845,18159,5670,4940,3408,0.145144,13,25,4.19403,0.498264,79.6952
530832,4184190.0,5650,4924,5,-0.0199995,0.439228,29.2151,66.5147,18159,5665,4940,3408,0.157622,20,10,3.32565,0.549035,64.46
531150,4184190.0,5650,5030,2,-0.0438262,0.511147,66.553,130.203,18159,5648,4988,3382,0.3942,43,8,14.2658,0.638934,127.63
531152,4184190.0,5650,5031,2,-0.0413134,0.507479,67.6445,133.295,18159,5648,4988,3382,0.351051,45,7,13.7672,0.634348,130.631
531156,4184190.0,5650,5032,2,-0.0460832,0.498161,68.657,137.821,18159,5648,4988,3382,0.345299,51,4,15.8781,0.622701,133.665
531158,4184190.0,5650,5033,2,-0.0583599,0.584016,43.6079,74.669,18159,5674,5036,3397,0.357943,25,3,10.8942,0.73002,72.5674
531162,4184190.0,5650,5034,2,-0.0342081,0.622661,41.599,66.8084,18159,5672,5038,3397,0.351892,17,10,5.71347,0.778327,65.6889
530828,4184190.0,5651,4923,5,-0.0195187,0.420646,29.6065,70.3834,18159,5666,4940,3408,0.136946,9,22,3.43448,0.525807,69.5658
530832,4184190.0,5651,4924,5,-0.0249512,0.451901,28.7655,63.6544,18159,5665,4940,3408,0.162109,18,11,3.97064,0.564876,62.3299
531146,4184190.0,5651,5029,2,-0.072827,0.512357,65.6869,128.205,18159,5648,4988,3382,0.374638,47,4,23.342,0.640446,124.873
531150,4184190.0,5651,5030,2,-0.0815612,0.508274,66.7782,131.382,18159,5648,4988,3382,0.303515,48,4,26.7892,0.635343,127.865
531152,4184190.0,5651,5031,2,-0.0438698,0.494021,69.6422,140.97,18159,5649,4987,3382,0.274785,51,6,15.4608,0.617527,133.634
531156,4184190.0,5651,5032,2,-0.0117551,0.634123,54.8865,86.555,18159,5680,5030,3397,0.320198,29,1,2.54366,0.792654,85.6689
531158,4184190.0,5651,5033,2,-0.039465,0.61876,41.2348,66.641,18159,5673,5037,3397,0.379144,17,8,6.57496,0.773451,65.8286
530828,4184200.0,5652,4923,5,-0.0182498,0.437846,29.1319,66.5346,18159,5666,4940,3408,0.13927,8,22,3.03561,0.547308,67.9775
531140,4184200.0,5652,5027,2,-0.0534062,0.513898,63.3703,123.313,18159,5648,4988,3382,0.353506,42,8,16.4642,0.642372,119.182
531144,4184200.0,5652,5028,2,-0.0461028,0.508346,64.2659,126.421,18159,5648,4988,3382,0.347098,43,8,14.571,0.635433,122.165
531146,4184200.0,5652,5029,2,-0.0573366,0.502673,65.2715,129.849,18159,5648,4988,3382,0.340654,46,8,18.6127,0.628341,125.149
531150,4184200.0,5652,5030,2,-0.0762706,0.667427,70.2158,105.204,18159,5686,5022,3398,0.310741,37,4,20.0599,0.834284,103.18
531152,4184200.0,5652,5031,2,-0.0620382,0.667907,66.9557,100.247,18159,5685,5024,3398,0.28404,30,9,15.5479,0.834883,99.5474
530826,4184200.0,5653,4922,5,-0.0184455,0.429946,33.2217,77.2695,18159,5670,4940,3408,0.125849,13,21,3.56319,0.537432,75.2453
530828,4184200.0,5653,4923,5,-0.0318616,0.452737,28.7976,63.6078,18159,5666,4940,3408,0.155788,8,21,5.06661,0.565921,66.0733
531132,4184200.0,5653,5024,2,-0.0445738,0.52968,62.4564,117.913,18159,5649,4987,3382,0.340959,41,7,13.1396,0.662101,113.037
531134,4184200.0,5653,5025,2,-0.0474747,0.525157,63.4901,120.897,18159,5649,4987,3382,0.327039,43,6,14.3489,0.656446,116.015
531138,4184200.0,5653,5026,2,-0.0468942,0.51937,64.3964,123.989,18159,5649,4987,3382,0.313929,43,7,14.536,0.649213,119.052
531140,4184200.0,5653,5027,2,-0.0497347,0.513423,65.3673,127.317,18159,5649,4987,3382,0.30545,45,6,15.8301,0.641779,122.087
531144,4184200.0,5653,5028,2,-0.0362738,0.654871,69.5626,106.223,18159,5687,5020,3398,0.323069,32,9,9.63281,0.818589,103.374
531146,4184200.0,5653,5029,2,-0.0313937,0.667413,65.0375,97.4472,18159,5685,5023,3398,0.355162,33,4,7.64807,0.834266,96.4906
530826,4184200.0,5654,4922,5,-0.029279,0.438817,31.2233,71.1532,18159,5669,4940,3408,0.134386,12,20,5.20825,0.548522,71.5369
531126,4184200.0,5654,5022,2,-0.0374706,0.544672,60.4319,110.951,18159,5649,4987,3382,0.34302,42,5,10.3935,0.68084,107.754
531128,4184200.0,5654,5023,2,-0.0383058,0.5396,61.3971,113.783,18159,5649,4987,3382,0.326663,43,5,10.8963,0.6745,110.721
531132,4184200.0,5654,5024,2,-0.0448582,0.532025,63.4414,119.245,18159,5650,4986,3382,0.317525,42,5,13.3728,0.665031,116.183
531134,4184200.0,5654,5025,2,-0.059549,0.547333,87.1793,159.28,18159,5698,5005,3398,0.31022,60,3,23.7124,0.684167,143.347
531138,4184200.0,5654,5026,2,-0.0525836,0.659282,70.1225,106.362,18159,5688,5018,3398,0.309704,31,10,13.9822,0.824102,103.333
531140,4184200.0,5654,5027,2,-0.0395277,0.68369,68.4702,100.148,18159,5687,5021,3398,0.321575,25,13,9.89654,0.854613,99.0234
531144,4184200.0,5654,5028,2,-0.0374627,0.694778,67.0673,96.5305,18159,5686,5022,3398,0.352744,32,5,9.04074,0.868472,96.0539
530822,4184200.0,5655,4921,5,-0.0307839,0.438962,35.8839,81.7473,18159,5672,4940,3408,0.141942,24,11,6.29126,0.548703,77.9397
531122,4184200.0,5655,5021,2,-0.0405135,0.568402,61.3708,107.971,18159,5651,4986,3382,0.344623,32,10,10.9357,0.710502,107.286
531126,4184200.0,5655,5022,2,-0.0443118,0.562667,62.3604,110.83,18159,5651,4986,3382,0.320952,34,9,12.2777,0.703334,110.276
531128,4184200.0,5655,5023,2,-0.0437012,0.617245,68.973,111.743,18159,5689,5017,3398,0.316298,39,2,12.2083,0.771557,102.097
531132,4184200.0,5655,5024,2,-0.0405704,0.669459,67.9932,101.564,18159,5688,5018,3398,0.32432,34,6,10.3013,0.836823,99.2634
531134,4184200.0,5655,5025,2,-0.0471987,0.679377,68.7636,101.216,18159,5688,5018,3398,0.343596,26,13,11.9431,0.849222,99.5186
530822,4184210.0,5656,4921,5,-0.0355946,0.454006,35.4494,78.0814,18159,5672,4940,3408,0.168905,24,10,6.9482,0.567507,76.0478
531110,4184210.0,5656,5017,2,-0.0425456,0.615017,59.5272,96.7896,18159,5652,4985,3382,0.373671,32,7,10.2949,0.768771,98.3579
531114,4184210.0,5656,5018,2,-0.0340553,0.615888,61.1962,99.3625,18159,5653,4985,3382,0.361071,33,6,8.45954,0.76986,100.823
531116,4184210.0,5656,5019,2,-0.0219619,0.605719,62.3866,102.996,18159,5654,4985,3382,0.358235,35,4,5.65495,0.757149,103.614
531120,4184210.0,5656,5020,2,-0.0328284,0.596556,64.9808,108.927,18159,5689,5016,3398,0.353784,37,7,8.93972,0.745695,98.208
531122,4184210.0,5656,5021,2,-0.0567583,0.637133,66.9314,105.051,18159,5689,5017,3398,0.345776,38,2,14.9063,0.796416,98.2425
531126,4184210.0,5656,5022,2,-0.0734463,0.675919,65.9509,97.5722,18159,5688,5018,3398,0.34553,33,4,17.9158,0.844899,95.4588
531128,4184210.0,5656,5023,2,-0.068943,0.685832,66.592,97.0967,18159,5688,5018,3398,0.356118,32,6,16.7353,0.85729,95.7774
530820,4184210.0,5657,4920,5,-0.00154986,0.433174,34.6604,80.015,18159,5672,4940,3408,0.167304,23,11,0.31003,0.541467,76.1733
531104,4184210.0,5657,5015,2,-0.036808,0.638898,57.5651,90.1006,18159,5653,4985,3382,0.384523,26,7,8.29105,0.798622,92.2654
531116,4184210.0,5657,5019,2,-0.0570088,0.655894,64.5845,98.4678,18159,5689,5017,3398,0.383016,41,2,14.0338,0.819868,94.6955
531120,4184210.0,5657,5020,2,-0.0647621,0.669886,65.4863,97.7573,18159,5689,5017,3398,0.373551,34,2,15.8274,0.837357,94.8183
531122,4184210.0,5657,5021,2,-0.0753985,0.691102,64.4745,93.2924,18159,5688,5018,3398,0.38833,31,4,17.5853,0.863877,92.1003
531098,4184210.0,5658,5013,2,-0.031386,0.659204,55.3209,83.9207,18159,5654,4985,3382,0.335471,27,4,6.58484,0.824005,86.2227
531102,4184210.0,5658,5014,2,-0.024943,0.646368,56.2274,86.9898,18159,5654,4985,3382,0.330973,27,5,5.42447,0.807959,89.3505
531104,4184210.0,5658,5015,2,-0.0336891,0.605516,70.1377,115.831,18159,5695,5008,3398,0.385341,41,4,9.75561,0.756896,111.731
530820,4184220.0,5659,4920,5,-0.00190387,0.467249,33.9124,72.5788,18159,5672,4940,3408,0.102273,23,9,0.345452,0.584062,72.8792
531098,4184220.0,5659,5013,2,-0.0634957,0.668049,61.9241,92.694,18159,5662,4982,3383,0.258741,29,4,14.7142,0.835061,95.0292
531102,4184220.0,5659,5014,2,-0.0403971,0.630088,61.8854,98.2171,18159,5691,5014,3398,0.292228,33,6,9.91922,0.78761,94.5004
531104,4184220.0,5659,5015,2,-0.0213482,0.640153,57.9224,90.4821,18159,5689,5016,3398,0.379306,26,8,4.82908,0.800191,88.5666
531332,4184220.0,5659,5091,5,-0.0407465,0.362925,36.0954,99.4571,18159,5651,5061,3396,0.176676,17,20,10.1313,0.453656,94.4099
530816,4184220.0,5660,4919,5,-0.00206728,0.449416,33.6097,74.7853,18159,5672,4940,3408,0.0724049,23,9,0.386506,0.56177,73.6802
530820,4184220.0,5660,4920,5,-0.00555727,0.482045,33.6852,69.8799,18159,5672,4940,3408,0.0819219,23,8,0.970853,0.602556,71.2922
531096,4184220.0,5660,5012,2,-0.120452,0.720231,94.2281,130.83,18159,5682,4975,3384,0.384042,48,10,39.3971,0.900289,130.833
531098,4184220.0,5660,5013,2,-0.0989061,0.640386,68.2716,106.61,18159,5695,5009,3398,0.295422,37,3,26.361,0.800482,104.088
531102,4184220.0,5660,5014,2,-0.0489239,0.645985,56.6462,87.6898,18159,5689,5016,3398,0.341575,27,7,10.7253,0.807481,85.6966
531332,4184220.0,5660,5091,5,-0.0440814,0.447351,52.4176,117.174,18159,5665,5054,3406,0.157566,39,8,12.9129,0.559188,113.473
530816,4184220.0,5661,4919,5,-0.000842916,0.467894,33.4245,71.4361,18159,5672,4940,3408,0.0388569,23,8,0.150537,0.584867,72.281
530820,4184220.0,5661,4920,5,-0.00958825,0.491984,33.4567,68.0036,18159,5672,4940,3408,0.0699639,23,7,1.63009,0.61498,69.7356
531332,4184220.0,5661,5091,5,-0.0553072,0.472971,52.7424,111.513,18159,5665,5054,3406,0.138829,40,6,15.4187,0.591214,113.12
530816,4184230.0,5662,4919,5,-0.00302587,0.479499,33.3854,69.6256,18159,5672,4940,3408,0.0251055,22,8,0.526694,0.599374,70.8703
530820,4184230.0,5662,4920,5,-0.0118525,0.500003,33.3683,66.7363,18159,5672,4940,3408,0.0781838,23,6,1.97749,0.625003,68.2151
531330,4184230.0,5662,5090,3,-0.0643495,0.484042,52.31,108.069,18159,5665,5054,3406,0.251556,34,6,17.3855,0.605053,109.853
531332,4184230.0,5662,5091,3,-0.0570269,0.475578,52.8352,111.097,18159,5665,5054,3406,0.144293,35,6,15.8388,0.594473,112.844
531336,4184230.0,5662,5092,5,-0.0405988,0.46517,53.0824,114.114,18159,5665,5054,3406,0.0618309,38,4,11.5822,0.581463,115.835
530816,4184230.0,5663,4919,5,-0.00391664,0.483649,33.3996,69.0576,18159,5672,4940,3408,0.0567904,20,9,0.676185,0.604561,69.514
531326,4184230.0,5663,5089,3,-0.0475823,0.480418,51.0584,106.279,18159,5665,5054,3406,0.374255,34,8,12.6425,0.600522,106.658
531330,4184230.0,5663,5090,3,-0.0534299,0.477229,52.1274,109.229,18159,5665,5054,3406,0.282544,38,7,14.5903,0.596536,109.652
531332,4184230.0,5663,5091,3,-0.0502061,0.470785,52.7197,111.983,18159,5665,5054,3406,0.181752,36,6,14.0555,0.588481,112.636
531336,4184230.0,5663,5092,5,-0.0345852,0.458806,53.0643,115.657,18159,5665,5054,3406,0.0955772,39,8,10.0001,0.573508,115.632
531338,4184230.0,5663,5093,5,-0.0285281,0.449241,53.2395,118.51,18159,5665,5054,3406,0.0457462,37,7,8.45217,0.561551,118.628
530814,4184230.0,5664,4918,5,-0.00767459,0.462829,33.7126,72.8403,18159,5672,4940,3408,0.0777688,20,11,1.39755,0.578536,71.229
531326,4184230.0,5664,5089,3,-0.0417716,0.47901,50.6814,105.804,18159,5665,5054,3406,0.39528,35,8,11.049,0.598762,106.53
531330,4184230.0,5664,5090,3,-0.0415167,0.472882,52.0023,109.969,18159,5666,5054,3406,0.320936,33,12,11.4138,0.591103,109.757
531332,4184230.0,5664,5091,3,-0.0455645,0.479981,52.2434,108.845,18159,5687,5067,3401,0.236571,40,6,12.3986,0.599977,99.7869
531338,4184230.0,5664,5093,5,-0.0289123,0.495391,51.6878,104.337,18159,5687,5068,3401,0.0866984,34,13,7.5416,0.619238,100.871
530814,4184240.0,5665,4918,5,-0.0192701,0.498643,35.6148,71.4233,18159,5673,4940,3408,0.0875842,17,14,3.44083,0.623304,71.7003
531330,4184240.0,5665,5090,3,-0.03248,0.50718,49.6195,97.8342,18159,5687,5068,3401,0.362548,38,5,7.94415,0.633975,93.1348
531338,4184240.0,5665,5093,5,-0.0302234,0.519153,51.6217,99.4344,18159,5687,5068,3401,0.148153,41,5,7.5131,0.648942,97.9886
531342,4184240.0,5665,5094,5,-0.0310274,0.508491,51.965,102.195,18159,5687,5068,3401,0.0857913,41,6,7.92707,0.635613,100.232
530810,4184240.0,5666,4917,5,-0.0264817,0.481578,35.9696,74.6911,18159,5673,4940,3408,0.0606611,15,16,4.94487,0.601973,73.3035
531342,4184240.0,5666,5094,5,-0.0301699,0.522845,51.9367,99.3348,18159,5687,5068,3401,0.145129,36,10,7.49231,0.653557,98.1646
531344,4184240.0,5666,5095,5,-0.026145,0.508024,52.2572,102.864,18159,5687,5068,3401,0.0904628,36,11,6.72344,0.635029,100.532
530808,4184240.0,5667,4916,5,-0.0238418,0.509675,37.08,72.7523,18159,5677,4938,3409,0.0372892,13,18,4.33636,0.637094,73.5918
530810,4184240.0,5667,4917,5,-0.0298122,0.545406,38.0694,69.8,18159,5678,4938,3409,0.0728511,13,18,5.20223,0.681758,72.8569
531344,4184240.0,5667,5095,5,-0.0293936,0.52325,52.3522,100.052,18159,5687,5068,3401,0.143806,40,6,7.35223,0.654062,102.885
531348,4184240.0,5667,5096,5,-0.0260604,0.503616,52.6283,104.501,18159,5687,5068,3401,0.110566,38,11,6.80833,0.62952,105.312
530808,4184240.0,5668,4916,5,-0.0143547,0.546621,40.4704,74.0374,18159,5680,4938,3409,0.0636052,19,14,2.65696,0.683276,76.5767
531348,4184240.0,5668,5096,5,-0.0352655,0.522932,52.8477,101.061,18159,5687,5068,3401,0.138853,39,7,8.90988,0.653664,103.573
530804,4184250.0,5669,4915,5,-0.0118285,0.539846,41.8241,77.4741,18159,5681,4938,3409,0.0476246,19,15,2.29101,0.674808,79.4602
531288,4184250.0,5669,5076,3,-0.0181944,0.455443,30.0115,65.8951,18159,5665,5054,3406,0.324015,22,5,2.9973,0.569304,68.8368
531290,4184250.0,5669,5077,3,-0.00959817,0.452016,31.1815,68.9831,18159,5666,5054,3406,0.330721,20,5,1.65528,0.56502,70.9114
531350,4184250.0,5669,5097,5,-0.0547802,0.523387,53.4123,102.051,18159,5687,5068,3401,0.104914,38,8,13.9759,0.654234,104.432
530804,4184250.0,5670,4915,5,-0.0272877,0.556038,44.8646,80.6862,18159,5683,4938,3409,0.0495389,20,15,5.50434,0.695048,78.7971
531270,4184250.0,5670,5070,3,-0.0641342,0.516465,25.1156,48.6298,18159,5666,5054,3406,0.385413,18,1,7.79708,0.645581,51.1285
531272,4184250.0,5670,5071,3,-0.0547813,0.508127,26.2265,51.6142,18159,5666,5054,3406,0.311005,19,1,7.06873,0.635158,54.0343
531276,4184250.0,5670,5072,3,-0.0353641,0.494055,26.9593,54.5673,18159,5666,5054,3406,0.24899,20,1,4.82432,0.617569,56.9427
531278,4184250.0,5670,5073,3,-0.0125991,0.478633,27.5552,57.5706,18159,5666,5054,3406,0.22473,21,1,1.81335,0.598292,59.8699
531282,4184250.0,5670,5074,3,-0.006508,0.465278,28.2464,60.7087,18159,5666,5054,3406,0.255803,21,2,0.98773,0.581597,62.8221
531284,4184250.0,5670,5075,3,-0.00637444,0.453787,29.0437,64.003,18159,5666,5054,3406,0.297151,20,4,1.01996,0.567234,65.7934
531288,4184250.0,5670,5076,3,-0.00964917,0.472602,30.0932,63.6757,18159,5687,5066,3401,0.320143,17,9,1.53604,0.590752,58.2273
531290,4184250.0,5670,5077,3,-0.0145789,0.493507,30.399,61.5979,18159,5687,5067,3401,0.330686,17,9,2.24508,0.616883,58.0682
531294,4184250.0,5670,5078,3,-0.00746284,0.507695,31.3424,61.7347,18159,5687,5067,3401,0.34817,19,8,1.15179,0.634619,59.003
531296,4184250.0,5670,5079,3,-0.000416745,0.517378,32.2755,62.3829,18159,5687,5067,3401,0.385397,23,5,0.0649943,0.646722,60.3407
531350,4184250.0,5670,5097,5,-0.0615337,0.537641,53.4537,99.4226,18159,5687,5068,3401,0.141748,42,3,15.2946,0.672052,102.862
530784,4184250.0,5671,4908,5,-0.0194456,0.593121,56.8959,95.9263,18159,5696,4893,3419,0.298726,39,2,4.66335,0.741402,86.3218
530786,4184250.0,5671,4909,5,-0.048422,0.639707,58.064,90.7666,18159,5696,4893,3419,0.315241,36,4,10.9877,0.799633,87.7804
530790,4184250.0,5671,4910,5,-0.0779578,0.64285,58.961,91.7181,18159,5696,4893,3419,0.250297,37,4,17.8754,0.803563,89.3983
530792,4184250.0,5671,4911,5,-0.058107,0.638999,59.5261,93.1552,18159,5696,4893,3419,0.146218,39,3,13.5324,0.798748,91.1213
530796,4184250.0,5671,4912,5,-0.0355267,0.632257,59.5936,94.2552,18159,5696,4893,3419,0.0869167,36,7,8.37144,0.790322,92.9063
530798,4184250.0,5671,4913,5,-0.0227632,0.628633,59.831,95.1763,18159,5696,4893,3419,0.0643897,40,4,5.41629,0.785792,94.7238
530802,4184250.0,5671,4914,5,-0.0331663,0.600628,59.9192,99.7609,18159,5696,4893,3419,0.0400373,36,9,8.27176,0.750785,96.5834
530804,4184250.0,5671,4915,5,-0.0451533,0.609172,51.7045,84.8768,18159,5688,4938,3409,0.0391572,29,10,9.58116,0.761465,87.1238
531272,4184250.0,5671,5071,3,-0.0898655,0.478017,33.4391,69.9538,18159,5667,5049,3397,0.345486,24,5,15.7161,0.597522,68.5571
531276,4184250.0,5671,5072,3,-0.0679476,0.448557,40.2285,89.6843,18159,5671,5044,3397,0.249502,29,8,15.2346,0.560696,85.5082
531278,4184250.0,5671,5073,3,-0.0252809,0.495373,29.4574,59.465,18159,5688,5065,3401,0.205889,19,5,3.75833,0.619216,54.8425
531288,4184250.0,5671,5076,3,-0.00774445,0.530763,29.1074,54.8407,18159,5687,5067,3401,0.32095,18,6,1.06178,0.663454,53.2986
531290,4184250.0,5671,5077,3,-0.0160918,0.536864,29.9614,55.8081,18159,5687,5067,3401,0.335205,20,5,2.24513,0.67108,54.5604
531354,4184250.0,5671,5098,5,-0.068598,0.534051,53.6604,100.478,18159,5687,5068,3401,0.0685724,37,8,17.2315,0.667564,103.977
531410,4184250.0,5671,5117,5,-0.0103161,0.158857,11.7493,73.9616,18159,5690,5102,3390,0.0397792,5,30,1.90749,0.198571,74.2706
530774,4184260.0,5672,4905,5,-0.114124,0.640029,54.0387,84.4316,18159,5696,4893,3419,0.381703,29,6,24.0892,0.800037,79.2625
530778,4184260.0,5672,4906,5,-0.0743667,0.657589,54.9949,83.6312,18159,5696,4893,3419,0.339647,36,0,15.5484,0.821986,80.6194
530780,4184260.0,5672,4907,5,-0.0310758,0.669874,55.6078,83.0123,18159,5696,4893,3419,0.33359,34,3,6.44919,0.837343,82.0265
530802,4184260.0,5672,4914,1,-0.0752763,0.597436,59.9781,100.393,18159,5696,4893,3419,0.136243,38,6,18.893,0.746795,94.2583
530804,4184260.0,5672,4915,1,-0.0627936,0.599851,54.4729,90.8107,18159,5693,4936,3409,0.140179,34,7,14.2558,0.749814,90.7323
531080,4184260.0,5672,5007,2,-0.0288877,0.684081,55.4663,81.0814,18159,5699,5003,3398,0.399804,26,4,5.85564,0.855102,80.5104
531354,4184260.0,5672,5098,5,-0.0581328,0.53754,53.3676,99.2813,18159,5687,5068,3401,0.130947,43,1,14.4287,0.671925,102.577
531356,4184260.0,5672,5099,5,-0.0548677,0.383482,25.8897,67.5122,18159,5694,5095,3390,0.0807338,12,13,9.26061,0.479352,65.7538
531408,4184260.0,5672,5116,5,-0.0397366,0.162838,11.5445,70.8955,18159,5690,5102,3390,0.128278,5,28,7.04286,0.203548,70.0546
531410,4184260.0,5672,5117,5,-0.0270103,0.164327,11.6454,70.8674,18159,5690,5102,3390,0.0647675,5,27,4.78537,0.205409,71.9558
530744,4184260.0,5673,4895,5,-0.0575472,0.587158,42.6655,72.6645,18159,5696,4892,3419,0.379314,23,4,10.4541,0.733947,67.9966
530748,4184260.0,5673,4896,5,-0.0457781,0.591635,43.6263,73.7386,18159,5696,4892,3419,0.336561,23,3,8.43904,0.739544,68.3558
530750,4184260.0,5673,4897,5,-0.0247015,0.591715,44.4236,75.0759,18159,5696,4892,3419,0.318449,26,3,4.63622,0.739644,68.8767
530754,4184260.0,5673,4898,5,-0.0238406,0.590511,45.4748,77.0093,18159,5696,4892,3419,0.306081,27,3,4.58987,0.738138,69.5357
530756,4184260.0,5673,4899,5,-0.0118731,0.589231,46.3959,78.7397,18159,5696,4892,3419,0.289296,28,3,2.33721,0.736538,70.3166
530802,4184260.0,5673,4914,1,-0.0665283,0.605813,59.2695,97.8347,18159,5696,4893,3419,0.259875,38,5,16.2719,0.757266,92.034
530804,4184260.0,5673,4915,1,-0.0610598,0.584603,54.8598,93.8411,18159,5694,4936,3409,0.25363,29,12,14.3248,0.730753,90.3109
531252,4184260.0,5673,5064,3,-0.0164298,0.520281,24.9617,47.9774,18159,5667,5049,3397,0.299097,16,4,1.97065,0.650351,49.8049
531254,4184260.0,5673,5065,3,-0.0216509,0.507224,25.8515,50.9667,18159,5667,5049,3397,0.290746,18,3,2.75868,0.63403,52.7573
531258,4184260.0,5673,5066,3,-0.0201804,0.495391,26.7318,53.9611,18159,5667,5049,3397,0.297637,16,6,2.72239,0.619239,55.823
531260,4184260.0,5673,5067,3,-0.0144664,0.482482,28.8794,59.856,18159,5668,5048,3397,0.319549,16,9,2.16475,0.603102,60.7602
531264,4184260.0,5673,5068,3,-0.00618227,0.468986,28.6785,61.15,18159,5691,5062,3401,0.366561,20,3,0.945114,0.586232,55.1414
531354,4184260.0,5673,5098,1,-0.0556131,0.538289,52.9585,98.383,18159,5687,5068,3401,0.187273,43,0,13.6785,0.672861,101.246
531356,4184260.0,5673,5099,1,-0.0575329,0.437974,31.2494,71.3498,18159,5696,5093,3390,0.121425,16,12,10.2624,0.547467,70.0191
531360,4184260.0,5673,5100,1,-0.0624382,0.253187,17.14,67.6968,18159,5690,5102,3390,0.147693,9,21,10.5672,0.316484,50.0493
531408,4184260.0,5673,5116,5,-0.0156719,0.166654,11.182,67.0968,18159,5690,5102,3390,0.151953,5,27,2.62883,0.208318,67.7286
531410,4184260.0,5673,5117,5,-0.0336523,0.167459,11.4404,68.3173,18159,5690,5102,3390,0.10159,5,26,5.74759,0.209324,69.6814
531414,4184260.0,5673,5118,5,-0.0164279,0.163819,11.4688,70.0089,18159,5690,5102,3390,0.058846,5,27,2.87525,0.204774,71.7044
530802,4184260.0,5674,4914,1,-0.0109528,0.611845,58.0891,94.941,18159,5696,4893,3419,0.323762,38,4,2.59968,0.764806,89.8558
530804,4184260.0,5674,4915,1,-0.0327053,0.57116,54.5889,95.5755,18159,5695,4936,3409,0.306232,29,12,7.81457,0.71395,90.0662
531246,4184260.0,5674,5062,3,-0.0265883,0.554193,24.5829,44.3581,18159,5668,5048,3397,0.30334,11,8,2.94852,0.692741,47.3492
531248,4184260.0,5674,5063,3,-0.0207202,0.535409,25.3589,47.3636,18159,5668,5048,3397,0.27141,12,8,2.45346,0.669261,50.1314
531252,4184260.0,5674,5064,3,-0.012953,0.521638,26.2593,50.34,18159,5668,5048,3397,0.271763,12,9,1.63014,0.652048,53.1623
531254,4184260.0,5674,5065,3,-0.0271146,0.496658,29.6512,59.7014,18159,5669,5046,3397,0.282343,18,7,4.04695,0.620822,60.3936
531258,4184260.0,5674,5066,3,-0.0259019,0.472498,26.7151,56.5401,18159,5691,5062,3401,0.289554,20,2,3.66125,0.590623,51.2562
531260,4184260.0,5674,5067,3,-0.0249967,0.507488,23.7218,46.7436,18159,5689,5064,3401,0.314524,13,4,2.92108,0.63436,44.643
531264,4184260.0,5674,5068,3,-0.0196248,0.532992,22.7589,42.7004,18159,5688,5065,3401,0.34753,11,5,2.09497,0.666239,41.6069
531354,4184260.0,5674,5098,1,-0.0575284,0.533596,52.4807,98.3529,18159,5687,5068,3401,0.241812,40,2,14.1452,0.666995,99.9826
531356,4184260.0,5674,5099,1,-0.0631907,0.451349,30.8441,68.3377,18159,5696,5093,3390,0.188434,15,12,10.7958,0.564186,67.1354
531360,4184260.0,5674,5100,1,-0.0649682,0.366253,17.8714,48.7952,18159,5690,5100,3390,0.189281,9,10,7.92534,0.457816,46.5171
531386,4184260.0,5674,5109,5,-0.000691713,0.194895,11.2943,57.9505,18159,5690,5102,3390,0.135803,5,19,0.100213,0.243618,53.9939
531390,4184260.0,5674,5110,5,-0.0220212,0.192744,11.2039,58.1283,18159,5690,5102,3390,0.115624,5,20,3.20014,0.240929,55.2944
531396,4184260.0,5674,5112,5,-0.0050662,0.154868,10.6428,68.7221,18159,5690,5102,3390,0.0723974,5,26,0.870399,0.193585,58.1781
531414,4184260.0,5674,5118,5,-0.0267192,0.167606,11.2955,67.3934,18159,5690,5102,3390,0.0773479,5,26,4.50175,0.209507,69.5586
531416,4184260.0,5674,5119,5,-0.00125724,0.161081,11.2511,69.8476,18159,5690,5102,3390,0.0479392,5,27,0.219538,0.201351,71.7055
530732,4184260.0,5675,4891,5,-0.0918407,0.609966,43.4714,71.2687,18159,5698,4889,3419,0.164979,19,9,16.3634,0.762457,67.6728
530736,4184260.0,5675,4892,5,-0.0460223,0.642848,39.7439,61.8247,18159,5696,4892,3419,0.157762,20,2,7.11329,0.80356,61.502
530804,4184260.0,5675,4915,1,-0.00927618,0.564762,54.5043,96.5085,18159,5696,4936,3410,0.3041,27,14,2.23807,0.705952,90.1051
531242,4184260.0,5675,5061,3,-0.0400989,0.561542,26.5482,47.2773,18159,5669,5046,3397,0.30149,12,8,4.73942,0.701927,50.0167
531246,4184260.0,5675,5062,3,-0.0465653,0.545717,27.433,50.2696,18159,5669,5046,3397,0.259112,13,8,5.85205,0.682146,52.9285
531248,4184260.0,5675,5063,3,-0.0320847,0.519781,27.9923,53.854,18159,5669,5046,3397,0.237447,15,7,4.31972,0.649726,52.6308
531252,4184260.0,5675,5064,3,-0.0225166,0.462434,28.1844,60.9479,18159,5693,5060,3401,0.24244,22,3,3.43085,0.578042,54.1215
531254,4184260.0,5675,5065,3,-0.0214199,0.520392,23.8594,45.849,18159,5690,5063,3401,0.273419,13,5,2.4552,0.65049,44.0442
531354,4184260.0,5675,5098,1,-0.0550885,0.508098,51.7823,101.914,18159,5687,5068,3401,0.284908,36,5,14.0357,0.635122,98.6229
531356,4184260.0,5675,5099,1,-0.0602016,0.439018,27.1102,61.7518,18159,5695,5094,3390,0.262054,13,11,9.2939,0.548773,60.6883
531390,4184260.0,5675,5110,5,-0.000122316,0.198132,10.7787,54.4018,18159,5690,5102,3390,0.139462,5,21,0.0166355,0.247665,52.6609
531392,4184260.0,5675,5111,5,-0.0258831,0.193996,10.7149,55.2327,18159,5690,5102,3390,0.104062,5,18,3.57398,0.242495,54.1349
531396,4184260.0,5675,5112,5,-0.0276101,0.185994,10.5829,56.8993,18159,5690,5102,3390,0.0626844,5,19,3.9275,0.232492,55.7315
531416,4184260.0,5675,5119,5,-0.0131855,0.165838,11.1338,67.1368,18159,5690,5102,3390,0.0492337,5,26,2.21307,0.207297,69.6938
530802,4184270.0,5676,4914,1,-0.0130535,0.629611,56.2906,89.4054,18159,5696,4893,3419,0.270947,37,3,2.91763,0.787014,85.6477
530804,4184270.0,5676,4915,1,-0.0209034,0.561442,54.8327,97.664,18159,5697,4936,3410,0.297942,30,11,5.10378,0.701803,89.147
530808,4184270.0,5676,4916,1,-0.0280763,0.636713,50.808,79.7973,18159,5693,4936,3409,0.301028,31,5,5.60103,0.795891,79.927
531236,4184270.0,5676,5059,3,-0.036703,0.569422,25.4102,44.6246,18159,5670,5045,3397,0.301518,10,9,4.09464,0.711778,44.3175
531240,4184270.0,5676,5060,3,-0.0309127,0.543137,26.1956,48.2301,18159,5670,5045,3397,0.28438,11,9,3.7273,0.678921,47.6437
531242,4184270.0,5676,5061,3,-0.0457285,0.53483,28.4555,53.2048,18159,5671,5044,3397,0.278738,12,9,6.08243,0.668537,54.2583
531246,4184270.0,5676,5062,3,-0.049077,0.490702,32.9028,67.0524,18159,5673,5041,3397,0.257207,21,6,8.22684,0.613378,64.9888
531248,4184270.0,5676,5063,3,-0.0429718,0.519167,23.8664,45.9706,18159,5691,5062,3401,0.24208,14,3,4.9386,0.648958,43.7276
531350,4184270.0,5676,5097,1,-0.0646167,0.53836,50.4686,93.7451,18159,5687,5068,3401,0.387286,36,3,15.1438,0.67295,94.902
531354,4184270.0,5676,5098,1,-0.0593765,0.476164,32.9687,69.2381,18159,5698,5090,3390,0.335147,26,3,10.2778,0.595205,68.5421
531356,4184270.0,5676,5099,1,-0.0443206,0.445992,26.1954,58.7351,18159,5695,5094,3390,0.325244,11,12,6.50794,0.55749,57.6768
531416,4184270.0,5676,5119,5,-0.0227667,0.169021,10.9787,64.9545,18159,5690,5102,3390,0.0664854,5,25,3.697,0.211277,67.7529
530714,4184270.0,5677,4885,5,-0.0229895,0.496783,50.8002,102.258,18159,5707,4884,3419,0.241662,36,6,5.87715,0.620979,88.5548
530718,4184270.0,5677,4886,5,-0.0064379,0.569816,46.789,82.1126,18159,5703,4886,3419,0.258701,19,14,1.32158,0.712269,76.5135
530802,4184270.0,5677,4914,1,-0.0523859,0.641524,55.71,86.8401,18159,5696,4893,3419,0.298502,35,4,11.373,0.801906,83.6251
530804,4184270.0,5677,4915,1,-0.0266558,0.539317,64.6382,119.852,18159,5706,4936,3410,0.305492,39,10,7.98686,0.674147,107.148
530808,4184270.0,5677,4916,1,-0.0163547,0.63454,49.9204,78.6718,18159,5693,4936,3409,0.311416,30,5,3.21663,0.793176,77.4002
531234,4184270.0,5677,5058,3,-0.0381981,0.552928,25.8109,46.6804,18159,5671,5044,3397,0.292704,15,4,4.45775,0.69116,46.2394
531236,4184270.0,5677,5059,3,-0.0361211,0.553411,27.6876,50.0308,18159,5672,5043,3397,0.2606,16,4,4.51792,0.691763,51.4832
531240,4184270.0,5677,5060,3,-0.0314093,0.504831,29.8706,59.1695,18159,5672,5042,3397,0.261232,18,6,4.64618,0.631039,56.36
531242,4184270.0,5677,5061,3,-0.0346863,0.508897,25.514,50.1359,18159,5693,5060,3401,0.275977,17,3,4.34757,0.636122,46.693
531246,4184270.0,5677,5062,3,-0.0384274,0.542775,22.7823,41.9737,18159,5691,5062,3401,0.286069,12,3,4.03235,0.678469,43.4
531354,4184270.0,5677,5098,1,-0.0659825,0.488654,28.8025,58.9425,18159,5696,5092,3390,0.394622,20,4,9.72293,0.610818,58.8134
531356,4184270.0,5677,5099,1,-0.0343099,0.431533,22.4879,52.1116,18159,5694,5095,3390,0.378328,8,12,4.46986,0.539416,51.2875
531416,4184270.0,5677,5119,5,-0.019931,0.171806,10.8161,62.9553,18159,5690,5102,3390,0.107067,5,24,3.1369,0.214757,65.8905
531420,4184270.0,5677,5120,5,-0.0286304,0.16917,11.0415,65.2688,18159,5690,5102,3390,0.0370557,5,25,4.67167,0.211463,68.2981
530706,4184270.0,5678,4882,5,-0.0306277,0.426982,50.0066,117.116,18159,5708,4883,3419,0.206534,23,29,8.9675,0.533728,88.5289
530708,4184270.0,5678,4883,5,-0.0224604,0.477397,49.269,103.204,18159,5707,4884,3419,0.218815,27,16,5.79499,0.596746,87.1499
530712,4184270.0,5678,4884,5,-0.0113154,0.574297,46.4504,80.8822,18159,5704,4885,3419,0.232959,19,13,2.28804,0.717871,76.5222
530714,4184270.0,5678,4885,5,-0.0236036,0.598526,45.8424,76.5921,18159,5703,4886,3419,0.255219,14,15,4.51962,0.748158,73.5628
530804,4184270.0,5678,4915,1,-0.0270203,0.550418,64.9248,117.955,18159,5707,4936,3410,0.3293,39,10,7.96797,0.688023,108.846
530808,4184270.0,5678,4916,1,-0.0223727,0.6442,50.0168,77.6416,18159,5694,4936,3409,0.326972,25,10,4.34263,0.805251,78.5045
531230,4184270.0,5678,5057,3,-0.0559285,0.571613,27.5036,48.1157,18159,5672,5042,3397,0.305503,15,5,6.7276,0.714517,47.4335
531234,4184270.0,5678,5058,3,-0.0421838,0.550034,29.3812,53.4171,18159,5673,5041,3397,0.260289,16,5,5.63335,0.687542,54.245
531236,4184270.0,5678,5059,3,-0.0368574,0.479295,29.5411,61.6346,18159,5697,5057,3401,0.24954,14,10,5.67923,0.599118,55.7097
531240,4184270.0,5678,5060,3,-0.0316664,0.535489,24.3213,45.4188,18159,5693,5060,3401,0.268466,14,4,3.59562,0.669361,43.5062
531420,4184270.0,5678,5120,5,-0.0298993,0.171589,10.8969,63.5057,18159,5690,5102,3390,0.0814984,5,24,4.74694,0.214486,66.5854
530696,4184280.0,5679,4879,5,-0.0173383,0.453502,47.9935,105.829,18159,5708,4883,3419,0.228867,23,25,4.58721,0.566877,86.2804
530700,4184280.0,5679,4880,5,-0.0222014,0.475801,48.6083,102.161,18159,5708,4883,3419,0.216062,29,14,5.67029,0.594751,86.065
530702,4184280.0,5679,4881,5,-0.0292572,0.490498,47.9199,97.6965,18159,5707,4884,3419,0.204398,24,18,7.1458,0.613122,84.254
530706,4184280.0,5679,4882,5,-0.0305709,0.539777,47.7062,88.3813,18159,5706,4885,3419,0.21129,24,11,6.75473,0.674721,80.4257
530708,4184280.0,5679,4883,5,-0.0306476,0.598384,45.5232,76.077,18159,5704,4885,3419,0.232227,17,13,5.82894,0.74798,73.7124
530804,4184280.0,5679,4915,1,-0.0162099,0.554094,64.0056,115.514,18159,5707,4936,3410,0.328828,38,10,4.68116,0.692618,106.11
530808,4184280.0,5679,4916,1,-0.0324039,0.640898,49.022,76.4895,18159,5694,4936,3409,0.328226,20,14,6.1964,0.801122,75.9269
531228,4184280.0,5679,5056,3,-0.0493202,0.574004,27.5075,47.9222,18159,5673,5041,3397,0.317012,11,9,5.90883,0.717505,47.2742
531230,4184280.0,5679,5057,3,-0.0587254,0.551972,29.4934,53.4329,18159,5674,5040,3397,0.280611,15,8,7.84466,0.689965,54.7059
531234,4184280.0,5679,5058,3,-0.0447398,0.515074,25.3419,49.2004,18159,5695,5058,3401,0.263767,15,4,5.50304,0.643843,46.5006
531236,4184280.0,5679,5059,3,-0.0315604,0.554272,23.1733,41.8086,18159,5693,5060,3401,0.274156,13,3,3.29874,0.692839,40.5301
531420,4184280.0,5679,5120,5,-0.0204006,0.173326,10.7443,61.989,18159,5690,5102,3390,0.108665,5,23,3.16154,0.216658,64.9661
531422,4184280.0,5679,5121,5,-0.0356129,0.167962,10.9301,65.075,18159,5690,5102,3390,0.0430959,5,24,5.79377,0.209953,67.5331
530804,4184280.0,5680,4915,1,-0.0157867,0.558609,63.0301,112.834,18159,5707,4936,3410,0.295907,35,12,4.45319,0.698261,103.563
530808,4184280.0,5680,4916,1,-0.017018,0.647566,48.7437,75.2721,18159,5695,4936,3409,0.320839,21,13,3.20245,0.809457,76.9383
531222,4184280.0,5680,5054,3,-0.0210363,0.602449,26.5549,44.0783,18159,5674,5040,3397,0.321798,11,8,2.31811,0.753061,43.9289
531224,4184280.0,5680,5055,3,-0.0497697,0.576606,27.5738,47.8209,18159,5674,5040,3397,0.278875,13,7,5.95009,0.720757,47.3525
531228,4184280.0,5680,5056,3,-0.0545829,0.547209,32.0514,58.5724,18159,5677,5037,3397,0.28154,19,4,7.99264,0.684011,59.1326
531230,4184280.0,5680,5057,3,-0.0515836,0.534516,24.1659,45.2108,18159,5695,5058,3401,0.300466,14,3,5.83034,0.668145,43.5644
531234,4184280.0,5680,5058,3,-0.0454477,0.562449,23.3825,41.5728,18159,5694,5059,3401,0.309128,14,2,4.72346,0.703061,40.6203
531422,4184280.0,5680,5121,5,-0.0364041,0.169036,10.7914,63.8409,18159,5690,5102,3390,0.0783212,5,23,5.81017,0.211295,66.0792
530684,4184280.0,5681,4875,5,-0.00342363,0.467477,45.1178,96.5135,18159,5708,4883,3419,0.167566,21,23,0.826068,0.584346,82.6522
530688,4184280.0,5681,4876,5,-0.00491644,0.492674,45.5732,92.5018,18159,5708,4883,3419,0.185863,27,14,1.13695,0.615843,82.2512
530804,4184280.0,5681,4915,1,-0.0179944,0.563771,62.1761,110.286,18159,5707,4936,3410,0.266575,35,11,4.96135,0.704713,100.984
530808,4184280.0,5681,4916,1,-0.0204709,0.646692,47.8043,73.9213,18159,5695,4936,3409,0.301574,21,12,3.78308,0.808365,74.5211
531216,4184280.0,5681,5052,3,-0.0421073,0.60481,27.1093,44.8228,18159,5676,5038,3397,0.386292,14,4,4.71842,0.756012,44.729
531218,4184280.0,5681,5053,3,-0.0805464,0.599602,28.3285,47.2454,18159,5676,5038,3397,0.331105,14,5,9.51363,0.749503,47.0445
531222,4184280.0,5681,5054,3,-0.0943737,0.590745,30.5081,51.6435,18159,5677,5037,3397,0.244741,16,4,12.1845,0.738431,53.6894
531224,4184280.0,5681,5055,3,-0.0714167,0.525263,27.2769,51.9299,18159,5698,5056,3401,0.2378,14,7,9.27166,0.656579,49.5636
531228,4184280.0,5681,5056,3,-0.0254781,0.539406,24.8451,46.0601,18159,5696,5058,3401,0.285289,9,9,2.93381,0.674257,46.0225
531230,4184280.0,5681,5057,3,-0.0157589,0.52945,21.924,41.4091,18159,5694,5059,3401,0.34482,14,2,1.6314,0.661813,38.3906
531422,4184280.0,5681,5121,5,-0.022067,0.168656,10.5745,62.6986,18159,5690,5102,3390,0.103662,5,22,3.45893,0.210821,64.7299
531426,4184280.0,5681,5122,5,-0.0373715,0.159907,10.754,67.2516,18159,5690,5102,3390,0.0362886,5,27,6.28323,0.199884,67.4473
530678,4184290.0,5682,4873,5,-0.0319625,0.458875,44.1184,96.1448,18159,5708,4883,3419,0.183633,17,26,7.68257,0.573593,82.8954
530682,4184290.0,5682,4874,5,-0.0279416,0.499973,44.5842,89.1731,18159,5708,4883,3419,0.170277,22,18,6.22909,0.624967,80.9308
530804,4184290.0,5682,4915,1,-0.0524969,0.569181,61.5195,108.084,18159,5707,4936,3410,0.260994,36,9,14.1852,0.711476,98.2811
530808,4184290.0,5682,4916,1,-0.0263218,0.645151,47.0549,72.9362,18159,5695,4936,3409,0.308885,20,12,4.79954,0.806439,72.1398
531216,4184290.0,5682,5052,3,-0.0496501,0.625869,31.8714,50.9233,18159,5679,5035,3397,0.329187,16,3,6.32087,0.782337,53.1273
531218,4184290.0,5682,5053,3,-0.108255,0.649965,44.9355,69.1352,18159,5684,5030,3397,0.303921,20,6,18.7106,0.812457,70.6469
531222,4184290.0,5682,5054,3,-0.106503,0.536497,26.436,49.2753,18159,5698,5056,3401,0.286969,12,7,13.1199,0.670621,49.0789
531224,4184290.0,5682,5055,3,-0.0469646,0.554509,24.905,44.9137,18159,5697,5057,3401,0.307238,7,11,5.27338,0.693136,43.8642
531426,4184290.0,5682,5122,5,-0.0419844,0.16257,10.6534,65.5313,18159,5690,5102,3390,0.0692436,5,26,6.87823,0.203212,66.2721
530672,4184290.0,5683,4871,5,-0.0189451,0.478748,53.2206,111.166,18159,5716,4879,3419,0.171803,32,16,5.26512,0.598435,100.519
530676,4184290.0,5683,4872,5,-0.0165292,0.497227,43.3127,87.1084,18159,5708,4883,3419,0.197558,20,19,3.59958,0.621534,83.5005
530678,4184290.0,5683,4873,5,-0.0207058,0.51552,43.6846,84.7389,18159,5708,4883,3419,0.209547,22,16,4.38647,0.6444,79.1791
530804,4184290.0,5683,4915,1,-0.0784286,0.573349,60.7515,105.959,18159,5707,4936,3410,0.316154,35,9,20.7755,0.716686,95.6045
530808,4184290.0,5683,4916,1,-0.040082,0.645804,47.1906,73.0727,18159,5696,4936,3410,0.344145,17,15,7.32225,0.807255,72.3149
531212,4184290.0,5683,5051,3,-0.091738,0.691132,42.8939,62.0633,18159,5684,5030,3397,0.281872,17,6,14.2339,0.863915,64.5245
531216,4184290.0,5683,5052,3,-0.0547847,0.55393,51.3519,92.7047,18159,5687,5026,3398,0.274863,37,2,12.697,0.692412,80.4417
531218,4184290.0,5683,5053,3,-0.0455539,0.546071,26.2941,48.1514,18159,5699,5055,3401,0.337111,13,6,5.48371,0.682589,46.7449
531426,4184290.0,5683,5122,5,-0.0192737,0.161033,10.4268,64.7495,18159,5690,5102,3390,0.082936,5,27,3.1199,0.201292,65.2137
530670,4184290.0,5684,4870,5,-0.0163821,0.49152,51.2879,104.345,18159,5715,4880,3419,0.167044,33,13,4.27349,0.6144,95.937
530672,4184290.0,5684,4871,5,-0.024267,0.507127,42.5043,83.8139,18159,5708,4883,3419,0.19465,18,19,5.08478,0.633909,81.7252
530676,4184290.0,5684,4872,5,-0.0171947,0.526146,42.7894,81.326,18159,5708,4883,3419,0.22193,22,14,3.49593,0.657683,77.5293
530804,4184290.0,5684,4915,1,-0.0635894,0.589763,60.9883,103.411,18159,5708,4936,3410,0.381975,36,8,16.4397,0.737204,97.6208
530808,4184290.0,5684,4916,1,-0.0508505,0.641484,48.4043,75.4568,18159,5698,4936,3410,0.377167,25,8,9.59254,0.801855,73.6691
531212,4184290.0,5684,5051,3,-0.0957491,0.652097,48.8091,74.8495,18159,5686,5027,3397,0.331676,30,3,17.9169,0.815121,73.7357
531216,4184290.0,5684,5052,3,-0.0519204,0.548541,28.3504,51.6833,18159,5701,5054,3401,0.331689,15,5,6.70854,0.685676,49.9343
531420,4184290.0,5684,5120,5,-0.00689453,0.174727,9.94077,56.893,18159,5690,5102,3390,0.0301285,5,22,0.980626,0.218409,58.5634
530666,4184300.0,5685,4869,5,-0.0226705,0.466997,70.701,151.395,18159,5730,4871,3420,0.184467,21,45,8.58051,0.583746,133.576
530670,4184300.0,5685,4870,5,-0.0154777,0.514056,43.5883,84.7927,18159,5709,4883,3419,0.192669,17,21,3.28098,0.642571,83.3672
530672,4184300.0,5685,4871,5,-0.00408997,0.532751,41.8403,78.5364,18159,5708,4883,3419,0.224283,22,12,0.803028,0.665938,75.9872
530804,4184300.0,5685,4915,1,-0.0391239,0.584046,58.3893,99.9738,18159,5707,4936,3410,0.392993,33,9,9.77842,0.730057,91.251
530808,4184300.0,5685,4916,1,-0.0511061,0.653386,50.7766,77.7131,18159,5701,4936,3410,0.382568,28,7,9.92903,0.816732,78.1661
531212,4184300.0,5685,5051,3,-0.0396841,0.542814,28.2929,52.1227,18159,5702,5053,3401,0.391766,15,5,5.17111,0.678517,49.9266
531216,4184300.0,5685,5052,3,-0.0348366,0.564343,25.9905,46.0545,18159,5700,5055,3401,0.377627,15,4,4.01095,0.705428,46.8224
531420,4184300.0,5685,5120,5,-0.00787438,0.173985,9.87927,56.7822,18159,5690,5102,3390,0.0240717,5,19,1.11781,0.217482,57.676
530664,4184300.0,5686,4868,5,-0.0195265,0.306223,70.2398,229.375,18159,5743,4831,3435,0.222471,24,79,11.1972,0.382779,202.883
530666,4184300.0,5686,4869,5,-0.0177849,0.50158,44.5546,88.8285,18159,5710,4883,3419,0.206877,14,25,3.94951,0.626975,83.277
530670,4184300.0,5686,4870,5,-0.0152142,0.528319,41.0791,77.7545,18159,5708,4883,3419,0.212793,18,16,2.95743,0.660398,77.6816
530804,4184300.0,5686,4915,1,-0.0452349,0.598871,57.2587,95.611,18159,5707,4936,3410,0.367196,32,9,10.8124,0.748589,89.76
530808,4184300.0,5686,4916,1,-0.0449647,0.656157,50.7933,77.4103,18159,5702,4936,3410,0.377555,24,11,8.70183,0.820196,78.0361
531206,4184300.0,5686,5049,3,-0.0115835,0.694122,45.4677,65.5038,18159,5686,5027,3397,0.309846,21,2,1.89691,0.867653,67.5013
531210,4184300.0,5686,5050,3,-0.0109782,0.526097,30.853,58.6451,18159,5705,5051,3401,0.340913,19,4,1.60955,0.657622,55.5463
531212,4184300.0,5686,5051,3,-0.00757959,0.566712,25.682,45.3176,18159,5701,5054,3401,0.375703,10,9,0.858723,0.708389,44.1746
530664,4184300.0,5687,4868,5,-0.000544982,0.482858,66.3984,137.511,18159,5728,4872,3420,0.224749,30,28,0.187353,0.603572,123.277
530666,4184300.0,5687,4869,5,-0.0167891,0.52842,42.1807,79.8242,18159,5709,4883,3419,0.22504,17,18,3.35043,0.660525,79.0483
530670,4184300.0,5687,4870,1,-0.0231705,0.546783,40.4327,73.9466,18159,5708,4883,3419,0.235893,19,14,4.28345,0.683478,75.5368
530802,4184300.0,5687,4914,1,-0.0274305,0.640888,49.6815,77.5197,18159,5699,4892,3419,0.343936,27,6,5.31602,0.80111,76.392
530804,4184300.0,5687,4915,1,-0.0588454,0.619367,56.3278,90.9442,18159,5707,4936,3410,0.346067,30,10,13.3791,0.774209,88.4894
530808,4184300.0,5687,4916,1,-0.0612695,0.673019,51.3946,76.3643,18159,5703,4936,3410,0.394635,22,13,11.697,0.841273,78.7189
531204,4184300.0,5687,5048,3,-0.0672796,0.715688,44.4447,62.1007,18159,5686,5027,3397,0.278517,25,2,10.4453,0.894611,64.5749
531206,4184300.0,5687,5049,3,-0.0267381,0.608699,46.3896,76.2111,18159,5687,5026,3398,0.235875,29,3,5.09435,0.760873,69.2272
531210,4184300.0,5687,5050,3,-0.00975348,0.5688,25.8591,45.4626,18159,5702,5053,3401,0.286995,13,4,1.10855,0.711,44.504
531320,4184300.0,5687,5087,1,-0.0163173,0.530128,32.0752,60.5046,18159,5690,5067,3401,0.347322,17,5,2.46818,0.66266,62.3382
531326,4184300.0,5687,5089,1,-0.00342218,0.499539,50.4221,100.937,18159,5699,5059,3401,0.391129,37,4,0.863565,0.624423,98.4966
531416,4184300.0,5687,5119,5,-0.0215544,0.185024,10.1038,54.6078,18159,5690,5102,3390,0.0634791,5,18,2.9426,0.23128,53.3735
530666,4184300.0,5688,4869,1,-0.0187262,0.549977,41.5408,75.532,18159,5709,4883,3419,0.224297,16,18,3.53606,0.687471,77.1699
530802,4184300.0,5688,4914,1,-0.0411402,0.625273,51.8208,82.8771,18159,5700,4891,3419,0.314631,23,11,8.52394,0.781591,78.9489
530804,4184300.0,5688,4915,1,-0.0534119,0.632968,55.2835,87.3402,18159,5707,4936,3410,0.363498,29,10,11.6625,0.79121,86.7653
531200,4184300.0,5688,5047,3,-0.0861068,0.733633,43.4036,59.1626,18159,5686,5027,3397,0.366521,20,1,12.7358,0.917041,61.8527
531204,4184300.0,5688,5048,3,-0.0961703,0.651893,44.1773,67.7677,18159,5686,5027,3397,0.266115,24,2,16.2931,0.814867,64.5063
531206,4184300.0,5688,5049,3,-0.0532314,0.567943,28.2564,49.7522,18159,5704,5052,3401,0.244083,18,2,6.62096,0.709929,49.6217
531210,4184300.0,5688,5050,3,-0.0159493,0.593485,25.1027,42.2972,18159,5702,5053,3401,0.280138,11,5,1.68652,0.741856,41.728
531318,4184300.0,5688,5086,1,-0.0222093,0.533,30.6659,57.5345,18159,5690,5067,3401,0.360763,18,4,3.1945,0.666251,58.724
531324,4184300.0,5688,5088,1,-0.0112966,0.498043,49.405,99.1981,18159,5716,5073,3391,0.372546,36,6,2.8015,0.622554,93.4454
531416,4184300.0,5688,5119,5,-0.0212084,0.182566,10.2453,56.1183,18159,5690,5102,3390,0.0667752,5,19,2.97544,0.228208,52.9151
530660,4184310.0,5689,4867,5,-0.00371758,0.544173,58.347,107.221,18159,5722,4876,3419,0.15079,26,19,0.996509,0.680217,103.984
530664,4184310.0,5689,4868,1,-0.0131044,0.546673,42.5198,77.7793,18159,5710,4883,3419,0.174851,16,19,2.54812,0.683341,78.3388
530802,4184310.0,5689,4914,1,-0.0583824,0.623928,51.4877,82.5219,18159,5701,4891,3419,0.338839,24,10,12.0446,0.77991,79.6673
530804,4184310.0,5689,4915,1,-0.0466257,0.632151,54.0942,85.5716,18159,5707,4936,3410,0.395563,27,11,9.97459,0.790189,84.176
531200,4184310.0,5689,5047,3,-0.0857944,0.679223,44.332,65.2687,18159,5687,5026,3398,0.357768,23,3,13.9992,0.849029,64.8247
531204,4184310.0,5689,5048,3,-0.0860359,0.535132,33.9925,63.5216,18159,5709,5049,3401,0.324975,21,5,13.6629,0.668915,58.6089
531206,4184310.0,5689,5049,3,-0.0513755,0.596684,25.556,42.8301,18159,5703,5052,3401,0.313983,13,3,5.50105,0.745854,41.8324
531314,4184310.0,5689,5085,1,-0.00602079,0.540852,30.9851,57.2894,18159,5691,5066,3401,0.353869,17,5,0.862319,0.676065,58.8136
531320,4184310.0,5689,5087,1,-0.0141699,0.506853,45.6663,90.0976,18159,5715,5074,3391,0.367353,36,2,3.19169,0.633567,85.3398
531416,4184310.0,5689,5119,5,-0.0137264,0.179844,10.4072,57.8681,18159,5690,5102,3390,0.0743198,5,22,1.98581,0.224805,52.6243
530654,4184310.0,5690,4865,5,-0.0107501,0.351208,62.5009,177.96,18159,5739,4834,3435,0.152233,18,61,4.78273,0.43901,172.343
530658,4184310.0,5690,4866,5,-0.0180179,0.507672,67.3524,132.669,18159,5730,4871,3420,0.139546,21,35,5.97605,0.63459,119.548
530660,4184310.0,5690,4867,1,-0.0191464,0.560482,48.6267,86.7587,18159,5716,4879,3419,0.131339,32,5,4.1528,0.700603,85.005
530802,4184310.0,5690,4914,1,-0.039737,0.623112,50.3706,80.8371,18159,5701,4891,3419,0.36035,26,7,8.03057,0.77889,77.9171
530804,4184310.0,5690,4915,1,-0.0265591,0.625695,52.8461,84.4599,18159,5707,4936,3410,0.384536,27,10,5.60794,0.782119,81.4631
531198,4184310.0,5690,5046,3,-0.0902706,0.684535,45.1956,66.0239,18159,5687,5025,3398,0.392959,25,2,14.9,0.855669,62.6929
531200,4184310.0,5690,5047,3,-0.0634818,0.575527,51.0799,88.7532,18159,5689,5022,3398,0.3783,33,6,14.0855,0.719409,75.7341
531204,4184310.0,5690,5048,3,-0.0267757,0.568031,29.366,51.6978,18159,5707,5050,3401,0.384548,15,5,3.46061,0.710039,49.7088
531312,4184310.0,5690,5084,1,-0.0222061,0.559399,31.9372,57.092,18159,5692,5065,3401,0.341513,13,7,3.16948,0.699249,58.8519
531318,4184310.0,5690,5086,1,-0.00776996,0.510759,46.3663,90.7792,18159,5716,5073,3391,0.340113,32,6,1.76338,0.638448,85.4316
531416,4184310.0,5690,5119,5,-0.00467943,0.177965,10.644,59.8096,18159,5690,5102,3390,0.0852212,5,21,0.699686,0.222456,52.5036
530648,4184310.0,5691,4863,5,-0.0119149,0.327318,61.3637,187.474,18159,5739,4833,3435,0.16487,17,66,5.58434,0.409148,169.051
530652,4184310.0,5691,4864,5,-0.00823698,0.414346,73.3557,177.04,18159,5737,4867,3420,0.160212,40,40,3.64568,0.517933,136.761
530654,4184310.0,5691,4865,5,-0.0209124,0.501461,66.7122,133.036,18159,5730,4871,3420,0.156575,26,32,6.95524,0.626826,117.551
530658,4184310.0,5691,4866,1,-0.0380527,0.583071,55.9465,95.9514,18159,5721,4876,3419,0.149698,23,18,9.12801,0.728839,93.0724
530802,4184310.0,5691,4914,1,-0.0262396,0.623288,49.287,79.0758,18159,5701,4891,3419,0.343873,24,8,5.1873,0.77911,76.322
530804,4184310.0,5691,4915,1,-0.0121511,0.636329,53.0256,83.3305,18159,5708,4936,3410,0.343253,32,5,2.53139,0.795411,82.5549
531200,4184310.0,5691,5047,3,-0.0254378,0.534541,31.1609,58.2947,18159,5709,5049,3401,0.399361,21,4,3.70722,0.668176,52.7244
531308,4184310.0,5691,5083,1,-0.0238909,0.57329,32.6097,56.8817,18159,5693,5064,3401,0.368777,17,3,3.39738,0.716613,58.8481
531314,4184310.0,5691,5085,1,-0.0246057,0.494435,44.976,90.9644,18159,5716,5073,3391,0.323234,31,7,5.5956,0.618043,81.3083
531414,4184310.0,5691,5118,5,-0.0159899,0.197347,10.9692,55.5836,18159,5690,5102,3390,0.121383,5,19,2.22194,0.246684,49.5645
531416,4184310.0,5691,5119,5,-0.00418037,0.173513,10.9329,63.009,18159,5690,5102,3390,0.0958359,5,22,0.658503,0.216892,52.5541
530642,4184320.0,5692,4861,5,-0.022475,0.345171,60.3687,174.895,18159,5739,4834,3435,0.192701,24,55,9.82693,0.431464,162.069
530646,4184320.0,5692,4862,5,-0.0224383,0.379498,76.8679,202.552,18159,5741,4868,3420,0.175259,38,50,11.3623,0.474372,147.479
530648,4184320.0,5692,4863,5,-0.00930906,0.443793,72.7966,164.033,18159,5737,4867,3420,0.160751,36,36,3.81748,0.554741,134.014
530652,4184320.0,5692,4864,5,-0.0135694,0.516858,66.9821,129.595,18159,5731,4870,3420,0.15968,31,25,4.39632,0.646073,117.031
530654,4184320.0,5692,4865,1,-0.0223299,0.569369,57.582,101.133,18159,5723,4875,3420,0.173766,29,13,5.64572,0.711711,97.9332
530802,4184320.0,5692,4914,1,-0.0347083,0.627447,50.9433,81.1913,18159,5702,4890,3419,0.309611,26,7,7.04503,0.784309,79.5359
530804,4184320.0,5692,4915,1,-0.0171431,0.633048,53.0041,83.7285,18159,5709,4936,3410,0.294585,28,9,3.58841,0.791309,83.063
531200,4184320.0,5692,5047,3,-0.00430631,0.543533,28.8759,53.1262,18159,5708,5050,3401,0.368731,18,4,0.571945,0.679416,47.7136
531306,4184320.0,5692,5082,1,-0.026809,0.578667,32.7817,56.6503,18159,5694,5063,3401,0.394897,18,2,3.79685,0.723334,58.9013
531312,4184320.0,5692,5084,1,-0.0308967,0.507159,43.5419,85.8547,18159,5716,5073,3391,0.35801,29,7,6.63157,0.633948,78.0795
531414,4184320.0,5692,5118,5,-0.0227623,0.193202,11.2872,58.422,18159,5690,5102,3390,0.112751,5,20,3.32456,0.241502,49.8076
530642,4184320.0,5693,4861,1,-0.0128271,0.431697,71.5023,165.631,18159,5737,4867,3420,0.205872,40,35,5.3114,0.539621,131.663
530646,4184320.0,5693,4862,1,-0.0217948,0.460512,72.0041,156.357,18159,5737,4867,3420,0.195598,38,30,8.51941,0.57564,131.361
530648,4184320.0,5693,4863,1,-0.0229216,0.513157,66.2519,129.107,18159,5731,4870,3420,0.172993,31,25,7.39834,0.641446,115.678
530652,4184320.0,5693,4864,1,-0.0279218,0.569383,57.9649,101.803,18159,5725,4873,3420,0.17027,21,21,7.10632,0.711729,97.9881
530802,4184320.0,5693,4914,1,-0.054394,0.623322,52.4113,84.0839,18159,5703,4889,3419,0.293346,21,13,11.4342,0.779152,82.622
530804,4184320.0,5693,4915,1,-0.0363108,0.619146,52.2629,84.4113,18159,5709,4936,3410,0.264053,25,11,7.6626,0.773932,79.5913
531194,4184320.0,5693,5045,3,-0.00165972,0.600623,47.569,79.1994,18159,5690,5021,3398,0.354593,30,4,0.328623,0.750778,74.1391
531198,4184320.0,5693,5046,3,-0.00446839,0.558682,28.6319,51.249,18159,5709,5049,3401,0.364745,18,4,0.572502,0.698353,47.2043
531200,4184320.0,5693,5047,3,-0.0228224,0.584448,25.8078,44.1576,18159,5707,5050,3401,0.328402,14,4,2.51946,0.73056,43.223
531302,4184320.0,5693,5081,1,-0.0104406,0.583034,31.1316,53.3958,18159,5694,5063,3401,0.387895,16,4,1.39371,0.728792,55.5384
531308,4184320.0,5693,5083,1,-0.0266597,0.53078,41.9634,79.0598,18159,5716,5073,3391,0.387797,26,6,5.26927,0.663476,74.2308
531414,4184320.0,5693,5118,5,-0.0129231,0.18821,11.6511,61.9046,18159,5690,5102,3390,0.099363,5,21,1.99999,0.235262,50.229
530642,4184320.0,5694,4861,1,-0.00125712,0.47235,71.0636,150.447,18159,5737,4867,3420,0.219135,35,31,0.472825,0.590438,128.805
530646,4184320.0,5694,4862,1,-0.02277,0.524029,68.2019,130.149,18159,5733,4869,3420,0.212828,32,25,7.40873,0.655036,117.266
530648,4184320.0,5694,4863,1,-0.0367374,0.57264,62.2563,108.718,18159,5728,4872,3420,0.196424,30,16,9.98506,0.715799,107.229
530802,4184320.0,5694,4914,1,-0.0551086,0.616647,51.6199,83.7106,18159,5703,4889,3419,0.305633,20,13,11.5329,0.770809,80.9179
530804,4184320.0,5694,4915,1,-0.0486222,0.624237,52.5928,84.2513,18159,5710,4936,3410,0.262421,27,9,10.2412,0.780296,79.7625
531188,4184320.0,5694,5043,3,-0.00731236,0.664237,42.0784,63.3484,18159,5689,5023,3398,0.26767,24,2,1.15807,0.830297,63.3088
531192,4184320.0,5694,5044,3,-0.00997237,0.610146,46.255,75.8097,18159,5690,5021,3398,0.286606,29,3,1.89001,0.762683,68.7026
531194,4184320.0,5694,5045,3,-0.0179669,0.562128,27.2581,48.491,18159,5709,5049,3401,0.330219,16,4,2.17808,0.702659,48.0572
531198,4184320.0,5694,5046,3,-0.0341801,0.574943,26.7118,46.4599,18159,5708,5050,3401,0.345287,15,4,3.97002,0.718679,42.6949
531300,4184320.0,5694,5080,1,-0.0238947,0.596877,31.803,53.2824,18159,5695,5062,3401,0.351735,13,7,3.18292,0.746097,55.572
531306,4184320.0,5694,5082,1,-0.0121569,0.540683,40.3203,74.573,18159,5716,5073,3391,0.371576,24,6,2.26644,0.675853,70.1107
531410,4184320.0,5694,5117,5,-0.0203798,0.2108,11.9933,56.8942,18159,5690,5102,3390,0.0902604,5,19,2.89874,0.2635,47.9647
531414,4184320.0,5694,5118,5,-0.0097762,0.179955,11.8651,65.9336,18159,5690,5102,3390,0.0892419,5,22,1.61145,0.224944,50.8237
530640,4184320.0,5695,4860,1,-0.00155928,0.485757,70.1798,144.475,18159,5737,4867,3420,0.204519,28,34,0.563194,0.607197,126.394
530642,4184320.0,5695,4861,1,-0.0177052,0.527418,67.3022,127.607,18159,5733,4869,3420,0.219108,32,23,5.64826,0.659273,117.163
530646,4184320.0,5695,4862,1,-0.0283971,0.562049,63.2431,112.522,18159,5729,4872,3420,0.225654,22,25,7.98827,0.702562,105.578
530802,4184320.0,5695,4914,1,-0.0321641,0.605276,50.5,83.4329,18159,5704,4889,3419,0.325569,16,17,6.70886,0.756595,81.3497
530804,4184320.0,5695,4915,1,-0.057429,0.629118,52.6967,83.7629,18159,5711,4936,3410,0.283156,29,7,12.026,0.786398,79.8133
531186,4184320.0,5695,5042,3,-0.0215487,0.671544,41.1382,61.2592,18159,5689,5023,3398,0.256426,20,6,3.30014,0.83943,58.5526
531188,4184320.0,5695,5043,3,-0.020488,0.611968,48.3606,79.0247,18159,5691,5019,3398,0.256537,25,8,4.04765,0.764959,74.4684
531192,4184320.0,5695,5044,3,-0.0228792,0.562547,28.0793,49.9146,18159,5710,5049,3401,0.279894,15,6,2.85502,0.703184,48.1043
531194,4184320.0,5695,5045,3,-0.0243159,0.608556,26.4315,43.4332,18159,5709,5049,3401,0.338641,12,5,2.6403,0.760695,42.3587
531296,4184320.0,5695,5079,1,-0.0465027,0.613698,32.6513,53.2041,18159,5696,5061,3401,0.380333,12,6,6.18534,0.767123,55.6295
531302,4184320.0,5695,5081,1,-0.0124933,0.551838,38.8309,70.3665,18159,5716,5073,3391,0.330332,22,6,2.19777,0.689798,66.216
531408,4184320.0,5695,5116,5,-0.0266327,0.244256,12.2073,49.9773,18159,5690,5102,3390,0.0800027,7,17,3.32758,0.30532,46.1221
531410,4184320.0,5695,5117,5,-0.0198558,0.202767,12.2189,60.2607,18159,5690,5102,3390,0.0679898,5,20,2.99131,0.253458,48.7854
530636,4184330.0,5696,4859,1,-0.0150191,0.497093,68.7594,138.323,18159,5736,4868,3420,0.20784,27,31,5.19371,0.621367,122.017
530640,4184330.0,5696,4860,1,-0.024753,0.534378,66.452,124.354,18159,5733,4869,3420,0.197696,29,24,7.69533,0.667973,114.273
530642,4184330.0,5696,4861,1,-0.0202569,0.573633,63.0998,110.0,18159,5730,4871,3420,0.210462,20,27,5.57067,0.717041,104.594
530802,4184330.0,5696,4914,1,-0.0237317,0.58644,51.2837,87.4492,18159,5705,4888,3419,0.3245,26,8,5.1883,0.73305,83.5411
530804,4184330.0,5696,4915,1,-0.0540769,0.637453,52.6483,82.5916,18159,5712,4936,3410,0.315353,29,7,11.1657,0.796817,80.2304
531182,4184330.0,5696,5041,3,-0.027735,0.68079,43.4193,63.7778,18159,5690,5021,3398,0.279328,20,7,4.42219,0.850987,63.6795
531186,4184330.0,5696,5042,3,-0.0199623,0.620374,47.2554,76.1724,18159,5691,5019,3398,0.25227,28,5,3.80143,0.775467,72.3825
531188,4184330.0,5696,5043,3,-0.0308157,0.565512,27.8918,49.3213,18159,5711,5048,3401,0.252001,18,3,3.79968,0.70689,45.9199
531192,4184330.0,5696,5044,3,-0.0316976,0.621578,25.294,40.6931,18159,5709,5049,3401,0.299894,13,4,3.22468,0.776973,39.9729
531300,4184330.0,5696,5080,1,-0.0283012,0.569782,37.4752,65.7711,18159,5716,5073,3391,0.328663,20,6,4.65351,0.712227,62.1289
531408,4184330.0,5696,5116,5,-0.0182769,0.249941,12.3737,49.5066,18159,5690,5102,3390,0.0538916,7,14,2.26207,0.312426,47.5475
530628,4184330.0,5697,4856,1,-0.00994904,0.459869,67.4612,146.696,18159,5737,4867,3420,0.235085,40,26,3.64872,0.574837,122.863
530630,4184330.0,5697,4857,1,-0.00499017,0.498,67.9131,136.372,18159,5737,4867,3420,0.229649,37,22,1.70129,0.6225,122.266
530634,4184330.0,5697,4858,1,-0.0165913,0.513225,67.8716,132.245,18159,5736,4868,3420,0.226146,24,32,5.48531,0.641532,120.561
530636,4184330.0,5697,4859,1,-0.040678,0.540664,65.6382,121.403,18159,5733,4869,3420,0.214572,28,23,12.3461,0.67583,111.336
530802,4184330.0,5697,4914,1,-0.0409999,0.580858,53.5888,92.258,18159,5708,4887,3419,0.318932,27,10,9.45641,0.726073,88.581
530804,4184330.0,5697,4915,1,-0.0436344,0.640729,53.115,82.8978,18159,5713,4936,3410,0.32886,26,10,9.04298,0.800911,79.697
531176,4184330.0,5697,5039,3,-0.0306011,0.726849,41.5041,57.1014,18159,5690,5021,3398,0.299259,20,4,4.36841,0.908561,59.3744
531180,4184330.0,5697,5040,3,-0.0255126,0.702628,42.2623,60.149,18159,5690,5021,3398,0.276204,22,3,3.8364,0.878285,62.6468
531182,4184330.0,5697,5041,3,-0.0233534,0.617919,46.2647,74.8717,18159,5691,5019,3398,0.25026,25,8,4.37127,0.772399,67.7513
531186,4184330.0,5697,5042,3,-0.0317331,0.550755,27.8802,50.6219,18159,5712,5047,3401,0.247958,19,4,4.01597,0.688444,45.558
531188,4184330.0,5697,5043,3,-0.0446079,0.612668,26.2066,42.7746,18159,5710,5049,3401,0.270226,12,6,4.77022,0.765835,43.9653
531296,4184330.0,5697,5079,1,-0.0498118,0.588268,33.8697,57.5752,18159,5715,5074,3391,0.393606,19,5,7.16981,0.735335,55.0318
531408,4184330.0,5697,5116,5,-0.012509,0.261499,12.958,49.5528,18159,5691,5102,3390,0.0310952,6,15,1.54964,0.326874,46.6178
530624,4184330.0,5698,4855,1,-0.000416502,0.467957,66.458,142.017,18159,5737,4867,3420,0.230011,40,24,0.147876,0.584947,120.821
530628,4184330.0,5698,4856,1,-0.00805435,0.507046,66.912,131.964,18159,5737,4867,3420,0.253699,37,20,2.65722,0.633807,120.159
530630,4184330.0,5698,4857,1,-0.0234078,0.523637,66.8978,127.756,18159,5736,4868,3420,0.254954,25,29,7.4762,0.654546,118.61
530634,4184330.0,5698,4858,1,-0.0304889,0.554518,66.1079,119.217,18159,5734,4869,3420,0.253621,28,22,9.08698,0.693147,113.795
530798,4184330.0,5698,4913,1,-0.0248844,0.625387,47.2761,75.595,18159,5704,4889,3419,0.348271,16,13,4.70284,0.781733,75.4231
530802,4184330.0,5698,4914,1,-0.0441132,0.586028,58.5562,99.9205,18159,5711,4885,3419,0.316753,26,15,11.0195,0.732535,97.2908
530804,4184330.0,5698,4915,1,-0.0411509,0.643403,53.7794,83.5858,18159,5715,4936,3410,0.314277,27,10,8.59909,0.804254,83.0473
531174,4184330.0,5698,5038,3,-0.10047,0.729414,44.1422,60.5173,18159,5691,5019,3398,0.313219,19,6,15.2005,0.911768,61.8275
531176,4184330.0,5698,5039,3,-0.0458401,0.701227,44.7828,63.8635,18159,5691,5019,3398,0.242562,18,8,7.31878,0.876534,64.9624
531180,4184330.0,5698,5040,3,-0.0281254,0.612313,45.295,73.9735,18159,5691,5019,3398,0.246649,20,13,5.20134,0.765391,67.2318
531182,4184330.0,5698,5041,3,-0.0229088,0.53012,29.6141,55.863,18159,5715,5045,3402,0.236791,13,11,3.19939,0.662651,53.5797
531186,4184330.0,5698,5042,3,-0.0440645,0.615758,26.2358,42.6073,18159,5711,5048,3401,0.258909,15,3,4.69368,0.769698,41.4429
531396,4184330.0,5698,5112,1,-0.0529718,0.502034,33.2359,66.2025,18159,5702,5090,3390,0.218011,20,5,8.76717,0.627542,68.625
531398,4184330.0,5698,5113,1,-0.0457141,0.476568,31.4473,65.9869,18159,5701,5091,3390,0.142859,19,5,7.54133,0.59571,68.0324
531402,4184330.0,5698,5114,1,-0.0338833,0.41093,23.8595,58.0621,18159,5698,5095,3390,0.0750988,12,10,4.91834,0.513663,58.5001
531404,4184330.0,5698,5115,2,-0.0166905,0.312129,13.4036,42.9426,18159,5692,5102,3390,0.0321351,6,12,1.79184,0.390161,44.5373
531408,4184330.0,5698,5116,5,-0.0105343,0.234354,12.5234,53.438,18159,5690,5102,3390,0.015255,7,16,1.40732,0.292942,50.3611
530622,4184340.0,5699,4854,1,-0.0192285,0.467193,65.5632,140.334,18159,5737,4867,3420,0.223039,38,26,6.74604,0.583991,118.856
530624,4184340.0,5699,4855,1,-0.00548922,0.511561,65.9451,128.91,18159,5737,4867,3420,0.235047,38,17,1.76904,0.639451,118.114
530630,4184340.0,5699,4857,1,-0.013981,0.548285,66.3963,121.098,18159,5735,4869,3420,0.281914,30,21,4.23268,0.685357,113.088
530798,4184340.0,5699,4913,1,-0.0115343,0.614326,50.455,82.1307,18159,5706,4887,3419,0.325216,22,10,2.3683,0.767907,81.8783
530802,4184340.0,5699,4914,1,-0.0328109,0.558509,57.5563,103.053,18159,5712,4885,3419,0.301622,34,7,8.45318,0.698137,96.8414
530804,4184340.0,5699,4915,1,-0.0472995,0.643912,52.8814,82.1253,18159,5715,4936,3410,0.302195,25,11,9.71121,0.80489,80.4706
531174,4184340.0,5699,5038,3,-0.0806645,0.706381,43.6025,61.7265,18159,5691,5019,3398,0.306618,19,7,12.4479,0.882977,60.1549
531176,4184340.0,5699,5039,3,-0.0248905,0.630202,44.0086,69.8326,18159,5691,5019,3398,0.280135,19,12,4.34543,0.787752,65.3766
531180,4184340.0,5699,5040,3,-0.0362017,0.517561,28.554,55.1702,18159,5715,5045,3402,0.285479,13,9,4.99314,0.646951,49.5036
531390,4184340.0,5699,5110,1,-0.0508719,0.54792,43.3672,79.1488,18159,5708,5085,3391,0.380014,21,12,10.0661,0.6849,81.1342
531392,4184340.0,5699,5111,1,-0.050299,0.542133,46.6482,86.0458,18159,5709,5084,3391,0.308789,29,7,10.82,0.677666,87.7717
531396,4184340.0,5699,5112,1,-0.0540055,0.540295,52.1037,96.4357,18159,5711,5082,3391,0.237118,32,9,13.0201,0.675368,98.7491
531398,4184340.0,5699,5113,1,-0.0562878,0.527065,56.7708,107.711,18159,5713,5080,3391,0.147154,37,9,15.157,0.658832,108.674
531402,4184340.0,5699,5114,1,-0.0402673,0.517613,65.5189,126.579,18159,5717,5076,3391,0.061158,48,7,12.7425,0.647016,127.929
531404,4184340.0,5699,5115,2,-0.0230907,0.497821,66.316,133.212,18159,5725,5080,3405,0.0121306,50,10,7.68994,0.622277,130.2
531408,4184340.0,5699,5116,2,-0.00984449,0.35355,52.6046,148.79,18159,5738,5098,3403,0.0170467,36,30,3.6619,0.441937,129.572
531410,4184340.0,5699,5117,2,-0.0156337,0.354942,52.5296,147.995,18159,5738,5098,3403,0.0379425,37,30,5.78428,0.443677,130.885
531414,4184340.0,5699,5118,5,-0.0128051,0.352059,52.4356,148.94,18159,5738,5098,3403,0.0581898,41,25,4.76797,0.440073,132.253
531416,4184340.0,5699,5119,5,-0.0131093,0.330154,52.1878,158.071,18159,5738,5098,3403,0.0755797,47,24,5.18051,0.412692,133.674
530618,4184340.0,5700,4853,1,-0.00743395,0.454975,64.523,141.817,18159,5737,4867,3420,0.238299,40,24,2.63565,0.568718,116.784
530622,4184340.0,5700,4854,1,-0.0166191,0.50967,64.9497,127.435,18159,5737,4867,3420,0.233829,36,19,5.29464,0.637087,116.151
530624,4184340.0,5700,4855,1,-0.0054277,0.53133,65.3334,122.962,18159,5737,4867,3420,0.236659,28,24,1.6685,0.664163,115.526
530798,4184340.0,5700,4913,1,-0.0230428,0.60766,50.5621,83.2079,18159,5708,4887,3419,0.301987,23,10,4.79335,0.759576,82.6614
530802,4184340.0,5700,4914,1,-0.028128,0.653717,95.1289,145.52,18159,5742,4937,3387,0.299346,40,24,10.233,0.817146,142.594
531174,4184340.0,5700,5038,3,-0.00836884,0.651359,42.7655,65.6558,18159,5691,5019,3398,0.245218,18,11,1.37366,0.814199,63.7383
531392,4184340.0,5700,5111,1,-0.0539977,0.545912,60.4771,110.782,18159,5725,5084,3405,0.360616,37,14,14.9549,0.68239,108.657
531396,4184340.0,5700,5112,1,-0.0600003,0.545247,60.2185,110.443,18159,5725,5085,3405,0.282482,37,14,16.5665,0.681558,109.098
531398,4184340.0,5700,5113,1,-0.0556251,0.549573,60.9715,110.943,18159,5725,5085,3405,0.192963,45,7,15.4281,0.686966,114.695
531402,4184340.0,5700,5114,1,-0.0485917,0.539824,61.2835,113.525,18159,5725,5085,3405,0.106329,42,11,13.7909,0.67478,116.773
531404,4184340.0,5700,5115,2,-0.0286288,0.526295,61.3583,116.585,18159,5725,5085,3405,0.0442936,42,12,8.34425,0.657868,118.965
531408,4184340.0,5700,5116,2,-0.0213466,0.409637,52.5971,128.399,18159,5738,5098,3403,0.0388323,28,27,6.85225,0.512046,124.147
531410,4184340.0,5700,5117,2,-0.0161186,0.375592,52.4792,139.724,18159,5738,5098,3403,0.0599431,38,24,5.63039,0.469491,128.209
531416,4184340.0,5700,5119,5,-0.00195826,0.365346,52.0665,142.513,18159,5738,5098,3403,0.0856658,38,26,0.697694,0.456682,131.055
531420,4184340.0,5700,5120,5,-0.00460582,0.358076,51.8491,144.799,18159,5738,5098,3403,0.0818182,43,22,1.6673,0.447595,132.557
530616,4184340.0,5701,4852,1,-0.00161682,0.393581,51.9422,131.973,18159,5739,4834,3435,0.234532,27,28,0.533442,0.491976,126.206
530618,4184340.0,5701,4853,1,-0.0114556,0.506168,63.9414,126.325,18159,5737,4867,3420,0.245183,42,13,3.61782,0.632709,114.342
530622,4184340.0,5701,4854,1,-0.0128186,0.531503,64.3221,121.019,18159,5737,4867,3420,0.251544,36,16,3.87825,0.664378,113.469
530624,4184340.0,5701,4855,1,-0.0132719,0.5445,64.0309,117.596,18159,5736,4868,3420,0.247148,24,25,3.9018,0.680625,111.74
530798,4184340.0,5701,4913,1,-0.0335775,0.616968,55.6839,90.2541,18159,5711,4885,3419,0.295314,22,15,7.57627,0.77121,91.114
530802,4184340.0,5701,4914,1,-0.0187647,0.669536,94.1036,140.55,18159,5741,4938,3387,0.299211,46,17,6.59348,0.83692,141.204
531170,4184340.0,5701,5037,3,-0.0288999,0.684115,43.8959,64.1645,18159,5691,5018,3398,0.193013,20,8,4.63587,0.855144,63.703
531174,4184340.0,5701,5038,3,-0.00784695,0.451936,36.813,81.4563,18159,5723,5042,3402,0.147092,26,9,1.59796,0.564919,66.5659
531404,4184340.0,5701,5115,2,-0.0434039,0.529658,61.2069,115.559,18159,5725,5085,3405,0.099437,48,5,12.5393,0.662073,117.003
531408,4184340.0,5701,5116,2,-0.0335896,0.434569,60.9078,140.157,18159,5727,5085,3405,0.075743,29,33,11.7695,0.543211,122.028
531410,4184340.0,5701,5117,2,-0.0216489,0.401465,52.293,130.255,18159,5738,5098,3403,0.0892243,30,27,7.04973,0.501831,125.547
531414,4184340.0,5701,5118,2,-0.00223287,0.384868,52.0762,135.309,18159,5738,5098,3403,0.0989983,37,23,0.755319,0.481086,126.973
531420,4184340.0,5701,5120,5,-0.00283587,0.373978,51.7448,138.363,18159,5738,5098,3403,0.0876573,38,24,0.980949,0.467472,129.984
531422,4184340.0,5701,5121,5,-0.00631764,0.368873,51.4959,139.604,18159,5738,5098,3403,0.0768792,42,21,2.20491,0.461091,131.567
531426,4184340.0,5701,5122,5,-0.0102425,0.363556,51.3952,141.368,18159,5738,5098,3403,0.0775957,45,19,3.61991,0.454445,133.198
531428,4184340.0,5701,5123,5,-0.0152448,0.358238,51.3089,143.226,18159,5738,5098,3403,0.0647242,47,18,5.45861,0.447797,134.877
531432,4184340.0,5701,5124,5,-0.0109015,0.349388,51.0447,146.097,18159,5738,5098,3403,0.0574968,45,21,3.98169,0.436735,136.601
531434,4184340.0,5701,5125,5,-0.00197083,0.348407,50.9408,146.211,18159,5738,5098,3403,0.0512095,44,23,0.720391,0.435509,138.368
530612,4184350.0,5702,4851,1,-0.00582813,0.418883,50.9507,121.635,18159,5739,4834,3435,0.24233,20,33,1.77226,0.523604,120.483
530616,4184350.0,5702,4852,1,-0.0080998,0.498626,62.9296,126.206,18159,5737,4867,3420,0.243015,41,16,2.55561,0.623283,112.657
530618,4184350.0,5702,4853,1,-0.0108136,0.530425,63.3041,119.346,18159,5737,4867,3420,0.256013,36,16,3.2264,0.663031,111.634
530622,4184350.0,5702,4854,1,-0.0133985,0.548182,63.6906,116.185,18159,5737,4867,3420,0.266618,28,21,3.89178,0.685227,110.906
530798,4184350.0,5702,4913,1,-0.0321357,0.605037,54.8185,90.6035,18159,5711,4885,3419,0.290164,30,6,7.27902,0.756296,89.3584
530802,4184350.0,5702,4914,1,-0.0136121,0.680519,91.5712,134.561,18159,5740,4938,3387,0.29002,50,11,4.57914,0.850649,133.381
531168,4184350.0,5702,5036,3,-0.0728247,0.69754,43.9559,63.0156,18159,5692,5017,3398,0.214534,18,10,11.4727,0.871925,66.2585
531170,4184350.0,5702,5037,3,-0.0622503,0.65757,44.4555,67.6057,18159,5692,5017,3398,0.144749,17,12,10.5212,0.821963,66.0307
531174,4184350.0,5702,5038,3,-0.0476314,0.59911,30.0012,50.0762,18159,5717,5045,3402,0.133951,16,5,5.963,0.748887,50.7076
531176,4184350.0,5702,5039,3,-0.0225846,0.604048,26.1277,43.2544,18159,5715,5045,3402,0.179358,12,6,2.4422,0.75506,43.7239
531408,4184350.0,5702,5116,2,-0.0408013,0.448876,60.5898,134.981,18159,5727,5085,3405,0.129645,31,28,13.7685,0.561094,120.922
531410,4184350.0,5702,5117,2,-0.0255042,0.419746,52.0946,124.11,18159,5738,5098,3403,0.118301,23,31,7.91328,0.524683,122.909
531414,4184350.0,5702,5118,2,-0.00593437,0.403321,51.8311,128.511,18159,5738,5098,3403,0.110306,39,18,1.90658,0.504151,124.357
531416,4184350.0,5702,5119,2,-0.00165912,0.391574,51.6198,131.827,18159,5738,5098,3403,0.105518,38,20,0.54679,0.489467,125.867
531438,4184350.0,5702,5126,5,-0.000266146,0.358334,50.6942,141.472,18159,5738,5098,3403,0.0442831,44,21,0.0941303,0.447918,137.813
531440,4184350.0,5702,5127,5,-0.00411027,0.355789,50.619,142.273,18159,5738,5098,3403,0.035125,44,20,1.46195,0.444736,139.694
530612,4184350.0,5703,4851,1,-0.014204,0.487158,61.9377,127.141,18159,5737,4867,3420,0.237831,35,22,4.51477,0.608948,111.041
530616,4184350.0,5703,4852,1,-0.0132695,0.527369,62.3273,118.185,18159,5737,4867,3420,0.241935,37,15,3.92064,0.659211,109.977
530618,4184350.0,5703,4853,1,-0.0080523,0.547243,62.5838,114.362,18159,5737,4867,3420,0.262877,36,13,2.30219,0.684054,108.977
530798,4184350.0,5703,4913,1,-0.0253902,0.589999,53.9281,91.4038,18159,5712,4885,3419,0.261835,28,8,5.8019,0.737498,89.6324
530802,4184350.0,5703,4914,1,-0.0218405,0.689709,90.8292,131.692,18159,5740,4938,3387,0.270738,49,11,7.19055,0.862137,130.999
531164,4184350.0,5703,5035,3,-0.0566181,0.693648,45.2724,65.2671,18159,5694,5015,3398,0.229947,22,6,9.23825,0.86706,67.4534
531168,4184350.0,5703,5036,3,-0.0721666,0.587813,54.0661,91.9785,18159,5699,5008,3398,0.205484,33,6,16.5944,0.734766,86.3624
531170,4184350.0,5703,5037,3,-0.0705311,0.612552,31.8436,51.9852,18159,5719,5044,3402,0.199545,14,8,9.16644,0.76569,50.43
531174,4184350.0,5703,5038,3,-0.0558224,0.63585,29.5537,46.4791,18159,5717,5045,3402,0.221444,15,5,6.48644,0.794813,48.4846
531354,4184350.0,5703,5098,1,-0.00422243,0.603396,19.8995,32.9791,18159,5706,5087,3390,0.377103,11,2,0.348131,0.754245,35.6132
531410,4184350.0,5703,5117,2,-0.0341336,0.428592,51.6953,120.617,18159,5738,5098,3403,0.161306,23,30,10.2927,0.53574,120.285
531414,4184350.0,5703,5118,2,-0.0211448,0.418779,51.5662,123.135,18159,5738,5098,3403,0.13648,31,23,6.50915,0.523473,121.758
531416,4184350.0,5703,5119,2,-0.0140552,0.404705,51.3751,126.945,18159,5738,5098,3403,0.126121,38,19,4.46058,0.505881,123.301
531420,4184350.0,5703,5120,2,-0.0090081,0.395584,51.1904,129.405,18159,5738,5098,3403,0.129534,37,21,2.91422,0.49448,124.895
531440,4184350.0,5703,5127,5,-0.000401273,0.364153,50.5177,138.726,18159,5738,5098,3403,0.0495355,44,19,0.139168,0.455191,137.386
531444,4184350.0,5703,5128,5,-0.00706833,0.360903,50.5461,140.055,18159,5738,5098,3403,0.0369933,44,20,2.47488,0.451129,139.337
530606,4184350.0,5704,4849,1,-0.000348697,0.423583,48.9788,115.63,18159,5739,4834,3435,0.213946,19,30,0.100799,0.529479,112.914
530610,4184350.0,5704,4850,1,-0.00999521,0.469417,60.9809,129.908,18159,5737,4867,3420,0.22583,42,15,3.24614,0.586771,112.943
530612,4184350.0,5704,4851,1,-0.0201085,0.5225,61.3606,117.437,18159,5737,4867,3420,0.238872,42,10,5.90369,0.653125,108.478
530616,4184350.0,5704,4852,1,-0.0131257,0.545079,61.6413,113.087,18159,5737,4867,3420,0.246741,36,13,3.71087,0.681348,107.297
530798,4184350.0,5704,4913,1,-0.0244113,0.563543,57.7786,102.527,18159,5715,4883,3419,0.222345,28,12,6.25707,0.704428,97.7674
530802,4184350.0,5704,4914,1,-0.022328,0.693041,91.5831,132.147,18159,5741,4938,3387,0.239353,42,18,7.37642,0.866301,133.054
531162,4184350.0,5704,5034,3,-0.044581,0.611398,48.3196,79.0314,18159,5697,5011,3398,0.237086,25,8,8.80824,0.764247,73.0398
531164,4184350.0,5704,5035,3,-0.0494962,0.572508,61.7464,107.852,18159,5703,5003,3399,0.23767,34,10,13.3457,0.715636,96.8495
531168,4184350.0,5704,5036,3,-0.0495548,0.611314,33.5794,54.9299,18159,5721,5043,3402,0.2554,18,5,6.8051,0.764142,57.0402
531170,4184350.0,5704,5037,3,-0.0543253,0.634638,31.096,48.9981,18159,5719,5044,3402,0.289761,13,8,6.65459,0.793297,48.0569
531354,4184350.0,5704,5098,1,-0.011219,0.599575,23.8069,39.7063,18159,5708,5085,3391,0.375751,10,6,1.11366,0.749468,42.4455
531414,4184350.0,5704,5118,2,-0.0355329,0.427414,51.1481,119.669,18159,5738,5098,3403,0.186063,29,24,10.6304,0.534267,119.18
531416,4184350.0,5704,5119,2,-0.0261491,0.417525,51.0011,122.151,18159,5738,5098,3403,0.166186,39,15,7.98534,0.521907,120.754
531420,4184350.0,5704,5120,2,-0.011683,0.406218,50.8073,125.074,18159,5738,5098,3403,0.16611,38,17,3.65308,0.507773,122.383
531446,4184350.0,5704,5129,5,-0.0116879,0.36389,50.5081,138.8,18159,5738,5098,3403,0.0442047,44,20,4.05573,0.454863,139.109
531450,4184350.0,5704,5130,5,-0.0239408,0.36004,50.5828,140.492,18159,5738,5098,3403,0.015277,44,21,8.40873,0.45005,141.164
530606,4184360.0,5705,4849,1,-0.0226366,0.435737,48.5174,111.346,18159,5739,4834,3435,0.238906,25,23,6.30123,0.544672,109.618
530610,4184360.0,5705,4850,1,-0.0215881,0.514545,60.4224,117.429,18159,5737,4867,3420,0.241344,41,11,6.33767,0.643181,107.109
530612,4184360.0,5705,4851,1,-0.0199476,0.54115,60.6766,112.125,18159,5737,4867,3420,0.255596,41,8,5.59158,0.676438,105.828
530798,4184360.0,5705,4913,1,-0.0372857,0.652861,90.9311,139.281,18159,5743,4936,3387,0.199197,45,17,12.983,0.816076,131.958
530802,4184360.0,5705,4914,1,-0.0282392,0.698752,91.0775,130.343,18159,5742,4937,3387,0.215381,38,21,9.20197,0.873441,129.254
531158,4184360.0,5705,5033,3,-0.0442874,0.645092,50.3704,78.0825,18159,5698,5009,3398,0.299062,26,8,8.64518,0.806365,76.6423
531162,4184360.0,5705,5034,3,-0.0561095,0.603012,54.422,90.2503,18159,5701,5006,3398,0.268783,31,8,12.6597,0.753765,86.4006
531164,4184360.0,5705,5035,3,-0.0402735,0.575833,34.0336,59.1033,18159,5723,5042,3402,0.275936,21,3,5.95073,0.719791,56.4959
531168,4184360.0,5705,5036,3,-0.0381642,0.627481,32.7079,52.1257,18159,5721,5043,3402,0.310753,15,7,4.97334,0.784351,51.1427
531354,4184360.0,5705,5098,1,-0.0229566,0.597448,27.8717,46.6512,18159,5710,5083,3391,0.389613,18,1,2.67738,0.746809,48.9732
531416,4184360.0,5705,5119,2,-0.0335219,0.424882,50.4447,118.726,18159,5738,5098,3403,0.220212,37,16,9.94984,0.531102,118.229
531420,4184360.0,5705,5120,2,-0.0161337,0.414411,50.3031,121.385,18159,5738,5098,3403,0.202934,37,17,4.89597,0.518014,119.892
531450,4184360.0,5705,5130,5,-0.0101906,0.365138,50.4278,138.106,18159,5738,5098,3403,0.0577583,41,23,3.51848,0.456422,139.01
531452,4184360.0,5705,5131,5,-0.0215487,0.361113,50.6096,140.149,18159,5738,5098,3403,0.0306032,40,25,7.55008,0.451391,141.13
530604,4184360.0,5706,4848,1,-0.00794279,0.442771,47.3266,106.887,18159,5739,4834,3435,0.278841,18,28,2.12246,0.553464,105.901
530606,4184360.0,5706,4849,1,-0.0279889,0.505038,59.4252,117.665,18159,5737,4867,3420,0.269561,29,23,8.23329,0.631297,105.796
530610,4184360.0,5706,4850,1,-0.0230605,0.536098,59.7077,111.375,18159,5737,4867,3420,0.271695,40,9,6.42089,0.670122,104.528
530798,4184360.0,5706,4913,1,-0.0555928,0.675874,90.5191,133.929,18159,5743,4936,3387,0.220178,45,14,18.6137,0.844843,129.952
531156,4184360.0,5706,5032,3,-0.022753,0.647623,49.8268,76.938,18159,5699,5008,3398,0.344757,25,7,4.37643,0.809528,76.1832
531158,4184360.0,5706,5033,3,-0.0454638,0.619319,53.2173,85.9288,18159,5701,5006,3398,0.310233,27,8,9.76661,0.774149,83.6084
531162,4184360.0,5706,5034,3,-0.0425942,0.541473,32.9216,60.8002,18159,5723,5042,3402,0.294126,19,7,6.47434,0.676841,56.6754
531164,4184360.0,5706,5035,3,-0.02886,0.596901,33.2208,55.6555,18159,5723,5042,3402,0.304237,21,2,4.01555,0.746126,53.9156
531416,4184360.0,5706,5119,2,-0.0307881,0.429542,49.6881,115.677,18159,5738,5098,3403,0.271087,35,17,8.90366,0.536928,115.726
531420,4184360.0,5706,5120,2,-0.0194395,0.420488,49.6296,118.029,18159,5738,5098,3403,0.237993,37,16,5.73605,0.52561,117.425
531452,4184360.0,5706,5131,5,-0.0128001,0.366027,50.4737,137.896,18159,5738,5098,3403,0.06772,39,25,4.41272,0.457534,139.041
531456,4184360.0,5706,5132,5,-0.0165727,0.361077,50.6957,140.401,18159,5738,5098,3403,0.0404416,39,26,5.81708,0.451346,141.224
530606,4184360.0,5707,4849,1,-0.0144044,0.527532,58.6078,111.098,18159,5737,4867,3420,0.282344,39,10,4.00075,0.659415,103.366
530610,4184360.0,5707,4850,1,-0.0215242,0.549971,58.877,107.055,18159,5737,4867,3420,0.295372,41,7,5.76067,0.687464,101.935
531152,4184360.0,5707,5031,3,-0.0148339,0.653588,48.5768,74.3233,18159,5699,5008,3398,0.32038,24,8,2.75627,0.816985,72.6705
531156,4184360.0,5707,5032,3,-0.0340896,0.633785,51.85,81.8102,18159,5701,5006,3398,0.307622,25,8,6.97219,0.792231,81.3767
531158,4184360.0,5707,5033,3,-0.038607,0.530694,35.0578,66.0603,18159,5725,5042,3402,0.307824,21,7,6.37597,0.663368,60.75
531162,4184360.0,5707,5034,3,-0.0400358,0.59389,32.1122,54.0709,18159,5723,5042,3402,0.316986,19,4,5.41194,0.742362,51.6614
531416,4184360.0,5707,5119,2,-0.0428467,0.432031,48.7899,112.931,18159,5738,5098,3403,0.332927,35,16,12.0968,0.540039,113.248
531420,4184360.0,5707,5120,2,-0.0245093,0.424694,48.8615,115.051,18159,5738,5098,3403,0.274495,37,15,7.04956,0.530867,114.983
531456,4184360.0,5707,5132,5,-0.0140446,0.366196,50.5882,138.145,18159,5738,5098,3403,0.0724429,38,26,4.85047,0.457745,139.201
531458,4184360.0,5707,5133,5,-0.0183428,0.359516,50.796,141.29,18159,5738,5098,3403,0.049087,38,27,6.47912,0.449395,141.445
530586,4184360.0,5708,4842,5,-0.00605657,0.331996,53.0519,159.797,18159,5746,4831,3435,0.234664,19,55,2.41955,0.414995,118.077
530598,4184360.0,5708,4846,1,-0.0174984,0.429438,45.3182,105.529,18159,5739,4834,3435,0.252114,33,19,4.61648,0.536798,98.8863
530600,4184360.0,5708,4847,1,-0.0032039,0.455365,45.4673,99.848,18159,5739,4834,3435,0.248614,21,22,0.799758,0.569207,99.172
530606,4184360.0,5708,4849,1,-0.00985573,0.542666,57.7925,106.497,18159,5737,4867,3420,0.28082,38,10,2.62402,0.678333,100.844
531150,4184360.0,5708,5030,3,-0.0245498,0.662882,48.3777,72.9809,18159,5700,5007,3398,0.278174,23,7,4.47917,0.828602,72.2862
531152,4184360.0,5708,5031,3,-0.0229134,0.632494,53.0857,83.9307,18159,5701,5005,3398,0.264853,26,8,4.80785,0.790618,81.8509
531156,4184360.0,5708,5032,3,-0.0252023,0.538704,57.9661,107.603,18159,5743,5023,3394,0.286137,39,6,6.77959,0.673379,106.613
531158,4184360.0,5708,5033,3,-0.0275711,0.560778,30.8733,55.0543,18159,5723,5042,3402,0.324485,15,8,3.79477,0.700972,52.507
531420,4184360.0,5708,5120,2,-0.0326076,0.426941,47.9593,112.332,18159,5738,5098,3403,0.329232,36,15,9.1572,0.533677,112.568
531458,4184360.0,5708,5133,5,-0.0237825,0.365436,50.8097,139.039,18159,5738,5098,3403,0.0752934,41,23,8.26671,0.456795,139.489
531462,4184360.0,5708,5134,5,-0.0146837,0.354471,51.0047,143.89,18159,5738,5098,3403,0.0513482,38,29,5.28208,0.443089,141.793
530594,4184370.0,5709,4845,1,-0.00356251,0.412266,44.1794,107.162,18159,5739,4834,3435,0.249545,14,32,0.954417,0.515333,94.9868
530598,4184370.0,5709,4846,1,-0.00641711,0.457568,44.5723,97.4113,18159,5739,4834,3435,0.247861,21,20,1.56275,0.571959,95.5209
530604,4184370.0,5709,4848,1,-0.0108287,0.53454,56.7524,106.171,18159,5737,4867,3420,0.248649,35,13,2.87422,0.668175,99.8671
531144,4184370.0,5709,5028,3,-0.0380354,0.706354,52.3936,74.1747,18159,5702,5004,3399,0.297987,23,7,7.05316,0.882943,76.0431
531146,4184370.0,5709,5029,3,-0.0285762,0.688306,53.1065,77.1554,18159,5702,5004,3399,0.237291,24,7,5.51202,0.860383,79.0463
531150,4184370.0,5709,5030,3,-0.0293241,0.671043,55.8267,83.1939,18159,5703,5003,3399,0.222187,22,12,6.09897,0.838804,84.6805
531152,4184370.0,5709,5031,3,-0.0250815,0.540878,56.923,105.242,18159,5743,5023,3394,0.229801,40,3,6.59906,0.676097,103.011
531156,4184370.0,5709,5032,3,-0.0162455,0.561622,32.9655,58.6969,18159,5725,5042,3402,0.266584,18,7,2.3839,0.702028,57.4485
531420,4184370.0,5709,5120,2,-0.0425559,0.427979,46.9625,109.731,18159,5738,5098,3403,0.395444,36,14,11.6742,0.534973,110.182
531462,4184370.0,5709,5134,5,-0.0311792,0.363564,51.1508,140.693,18159,5738,5098,3403,0.0708051,42,22,10.9667,0.454456,139.906
530580,4184370.0,5710,4840,5,-0.00973752,0.364366,49.2113,135.06,18159,5745,4831,3435,0.230006,23,38,3.28788,0.455457,109.198
530594,4184370.0,5710,4845,1,-0.00673196,0.45872,43.6239,95.0992,18159,5739,4834,3435,0.221814,15,24,1.60051,0.5734,91.6992
530600,4184370.0,5710,4847,1,-0.00363225,0.519221,55.733,107.34,18159,5737,4867,3420,0.230276,39,9,0.974711,0.649026,102.858
531140,4184370.0,5710,5027,3,-0.109133,0.728764,53.7801,73.7963,18159,5703,5003,3399,0.383418,19,11,20.134,0.910955,76.8492
531144,4184370.0,5710,5028,3,-0.083335,0.697659,54.5737,78.224,18159,5703,5003,3399,0.251741,21,10,16.297,0.872074,77.2965
531146,4184370.0,5710,5029,3,-0.0435078,0.649055,60.168,92.701,18159,5705,5000,3399,0.200832,36,3,10.083,0.811318,89.5792
531150,4184370.0,5710,5030,3,-0.0318787,0.547838,56.0757,102.358,18159,5743,5023,3394,0.205452,37,2,8.15762,0.684798,99.4861
531152,4184370.0,5710,5031,3,-0.0348387,0.544152,43.9805,80.8239,18159,5737,5033,3392,0.223002,27,1,7.03951,0.68019,79.6653
531462,4184370.0,5710,5134,5,-0.0213967,0.369107,51.1634,138.614,18159,5738,5098,3403,0.110874,40,23,7.4147,0.461383,138.059
530594,4184370.0,5711,4845,1,-0.00828581,0.478939,43.0948,89.9797,18159,5739,4834,3435,0.206697,17,21,1.86389,0.598673,88.7123
530598,4184370.0,5711,4846,1,-0.00640176,0.475276,60.6949,127.704,18159,5742,4867,3420,0.212692,38,15,2.04383,0.594095,112.635
531144,4184370.0,5711,5028,3,-0.0908467,0.495795,58.2619,117.512,18159,5745,5020,3394,0.289641,40,11,26.689,0.619743,105.676
531146,4184370.0,5711,5029,3,-0.0485442,0.557311,55.0736,98.8202,18159,5743,5023,3394,0.244083,45,0,11.9929,0.696639,95.9782
531462,4184370.0,5711,5134,5,-0.00744156,0.373595,51.1612,136.943,18159,5738,5098,3403,0.14836,40,22,2.54768,0.466993,136.253
531464,4184370.0,5711,5135,5,-0.0361637,0.366771,51.648,140.818,18159,5738,5098,3403,0.104568,40,23,12.7313,0.458463,138.675
530574,4184380.0,5712,4838,5,-0.00220446,0.378865,45.5563,120.244,18159,5744,4831,3435,0.2227,21,33,0.662684,0.473581,98.1873
530594,4184380.0,5712,4845,1,-0.0164035,0.493957,42.6227,86.2883,18159,5739,4834,3435,0.206725,24,13,3.53857,0.617446,85.784
530598,4184380.0,5712,4846,1,-0.0161763,0.527689,54.3636,103.022,18159,5737,4867,3420,0.211223,40,5,4.16628,0.659612,99.6744
531144,4184380.0,5712,5028,3,-0.0586803,0.566253,53.9216,95.2254,18159,5743,5023,3394,0.364447,44,1,13.9696,0.707816,92.5318
531464,4184380.0,5712,5135,5,-0.0211699,0.3733,51.7618,138.66,18159,5738,5098,3403,0.145008,43,19,7.33856,0.466625,136.943
530570,4184380.0,5713,4837,5,-0.00645385,0.383816,43.119,112.343,18159,5743,4831,3435,0.241544,19,30,1.81261,0.47977,90.097
530594,4184380.0,5713,4845,1,-0.0189579,0.493733,42.0248,85.1163,18159,5739,4834,3435,0.214811,24,12,4.03406,0.617167,82.7695
530598,4184380.0,5713,4846,1,-0.022596,0.544707,53.709,98.6016,18159,5737,4867,3420,0.218374,40,4,5.57001,0.680884,97.6395
531128,4184380.0,5713,5023,3,-0.0318963,0.717818,52.5896,73.2631,18159,5705,5000,3399,0.382356,26,4,5.84205,0.897273,74.4017
531132,4184380.0,5713,5024,3,-0.0259769,0.697315,53.5981,76.8634,18159,5705,5000,3399,0.379959,28,5,4.99168,0.871644,77.6615
531464,4184380.0,5713,5135,5,-0.0114949,0.378424,51.8438,136.999,18159,5738,5098,3403,0.167532,44,17,3.93699,0.47303,135.255
531468,4184380.0,5713,5136,5,-0.0374446,0.372343,52.3529,140.604,18159,5738,5098,3403,0.117852,43,19,13.1621,0.465429,137.76
531474,4184380.0,5713,5138,5,-0.0480137,0.115871,14.827,127.961,18159,5745,5148,3375,0.189258,2,49,15.3597,0.144839,98.8921
530564,4184380.0,5714,4835,5,-0.00280928,0.37712,44.6006,118.266,18159,5745,4831,3435,0.234012,24,30,0.830606,0.4714,94.1149
530594,4184380.0,5714,4845,1,-0.0208811,0.503763,58.7583,116.639,18159,5742,4867,3420,0.222784,37,12,6.08885,0.629704,104.856
530598,4184380.0,5714,4846,1,-0.0268828,0.558248,53.0254,94.9853,18159,5737,4867,3420,0.231983,37,6,6.38367,0.697811,95.5039
531126,4184380.0,5714,5022,3,-0.0396523,0.711594,51.2179,71.9762,18159,5705,5000,3399,0.39731,25,5,7.13506,0.889493,70.2004
531128,4184380.0,5714,5023,3,-0.047585,0.679689,54.2593,79.8296,18159,5705,4999,3399,0.377141,30,4,9.49672,0.849611,76.1545
531132,4184380.0,5714,5024,3,-0.0412318,0.591717,57.0467,96.4087,18159,5707,4996,3399,0.370748,31,11,9.93776,0.739646,86.0268
531468,4184380.0,5714,5136,5,-0.0198175,0.377742,52.3899,138.692,18159,5738,5098,3403,0.136871,47,14,6.87132,0.472178,136.148
531470,4184380.0,5714,5137,5,-0.050903,0.367555,52.7465,143.506,18159,5738,5098,3403,0.0746584,44,20,18.2622,0.459444,138.702
531474,4184380.0,5714,5138,5,-0.0713096,0.11987,15.2344,127.091,18159,5745,5148,3375,0.137684,2,48,22.6571,0.149838,96.0294
531492,4184380.0,5714,5144,5,-0.0318854,0.131345,13.5794,103.388,18159,5745,5148,3375,0.000391386,2,40,8.2414,0.164181,92.1762
530562,4184380.0,5715,4834,5,-0.012771,0.389142,42.0643,108.095,18159,5744,4831,3435,0.240565,21,28,3.45121,0.486427,86.5959
530564,4184380.0,5715,4835,5,-0.0023402,0.427411,41.0835,96.1219,18159,5743,4831,3435,0.234314,20,21,0.56236,0.534263,83.4422
530594,4184380.0,5715,4845,1,-0.0195569,0.491725,53.144,108.077,18159,5739,4867,3420,0.232474,34,11,5.28411,0.614656,97.8071
530598,4184380.0,5715,4846,1,-0.0268632,0.569254,52.3652,91.9892,18159,5737,4867,3420,0.247866,36,6,6.17781,0.711567,93.3114
531122,4184380.0,5715,5021,3,-0.0119766,0.69525,51.6166,74.2419,18159,5705,4999,3399,0.361379,26,5,2.2229,0.869062,72.3184
531126,4184380.0,5715,5022,3,-0.029679,0.667871,52.7582,78.9946,18159,5706,4998,3399,0.37243,27,7,5.8612,0.834839,75.0182
531128,4184380.0,5715,5023,3,-0.0429928,0.555041,73.8865,133.119,18159,5713,4984,3399,0.368333,45,13,14.3079,0.693801,118.6
531132,4184380.0,5715,5024,3,-0.038756,0.569328,47.7711,83.9079,18159,5743,5023,3394,0.390681,22,8,8.12984,0.71166,82.5542
531470,4184380.0,5715,5137,1,-0.020265,0.376608,52.8387,140.302,18159,5738,5098,3403,0.104783,49,12,7.10805,0.47076,137.167
531474,4184380.0,5715,5138,1,-0.0631862,0.120766,15.4591,128.009,18159,5745,5148,3375,0.0619655,2,49,20.2209,0.150958,93.1754
531476,4184380.0,5715,5139,1,-0.0819153,0.130359,15.464,118.627,18159,5745,5148,3375,0.196569,2,46,24.2933,0.162948,92.281
531494,4184380.0,5715,5145,5,-0.0371548,0.137166,13.5787,98.995,18159,5745,5148,3375,0.0183564,2,38,9.19534,0.171457,88.874
530556,4184390.0,5716,4832,5,-0.0106608,0.366406,42.1595,115.062,18159,5745,4831,3435,0.227501,25,28,3.06665,0.458007,85.7812
530558,4184390.0,5716,4833,5,-0.0125786,0.412161,41.0474,99.5906,18159,5744,4831,3435,0.2372,21,24,3.13177,0.515202,84.8694
530562,4184390.0,5716,4834,5,-0.000141654,0.443318,40.0999,90.4541,18159,5743,4831,3435,0.243786,21,18,0.032033,0.554148,79.9059
530594,4184390.0,5716,4845,1,-0.0198843,0.506958,52.3371,103.238,18159,5739,4867,3420,0.255053,33,11,5.13202,0.633697,96.9341
530598,4184390.0,5716,4846,1,-0.0268355,0.576136,51.5436,89.4643,18159,5737,4867,3420,0.270705,37,4,6.00205,0.72017,91.0926
531120,4184390.0,5716,5020,3,-0.0350623,0.692739,50.4261,72.7924,18159,5706,4998,3399,0.324635,25,6,6.38068,0.865924,70.8712
531122,4184390.0,5716,5021,3,-0.0258575,0.646851,51.36,79.4001,18159,5707,4997,3399,0.318133,30,4,5.13272,0.808563,78.4903
531126,4184390.0,5716,5022,3,-0.0210001,0.494635,52.6787,106.5,18159,5748,5016,3394,0.336226,33,10,5.59129,0.618294,96.039
531128,4184390.0,5716,5023,3,-0.0298422,0.57194,46.0949,80.5939,18159,5743,5023,3394,0.364801,17,11,6.01274,0.714925,79.5115
531470,4184390.0,5716,5137,1,-0.0146037,0.382233,52.8246,138.2,18159,5738,5098,3403,0.110711,45,15,5.04558,0.477791,135.681
531474,4184390.0,5716,5138,1,-0.0355852,0.376154,53.1843,141.39,18159,5738,5098,3403,0.0618907,47,14,12.5785,0.470192,138.309
531476,4184390.0,5716,5139,1,-0.0772953,0.131926,15.6536,118.655,18159,5745,5148,3375,0.0863527,2,45,22.9286,0.164908,89.408
531480,4184390.0,5716,5140,1,-0.0860599,0.136542,15.4466,113.127,18159,5745,5148,3375,0.24042,2,44,24.3393,0.170677,88.5772
531494,4184390.0,5716,5145,5,-0.00570642,0.141003,13.3535,94.704,18159,5745,5148,3375,0.0620278,2,37,1.35105,0.176253,85.887
531498,4184390.0,5716,5146,5,-0.040641,0.144656,13.6075,94.0685,18159,5745,5148,3375,0.0393307,2,36,9.5576,0.18082,85.6546
530552,4184390.0,5717,4831,5,-0.021746,0.397225,41.2558,103.86,18159,5745,4831,3435,0.22655,25,22,5.64634,0.496531,84.3839
530556,4184390.0,5717,4832,5,-0.0176947,0.427148,40.0862,93.8461,18159,5744,4831,3435,0.231889,20,21,4.15145,0.533935,82.3115
530594,4184390.0,5717,4845,1,-0.0125672,0.517109,51.6075,99.8,18159,5739,4867,3420,0.274695,33,10,3.13552,0.646387,95.0924
530598,4184390.0,5717,4846,1,-0.0173371,0.581453,50.7546,87.2893,18159,5737,4867,3420,0.280995,37,3,3.78335,0.726817,88.8664
531116,4184390.0,5717,5019,3,-0.0297293,0.67693,49.2546,72.7618,18159,5707,4997,3399,0.332296,27,4,5.40789,0.846163,74.2131
531120,4184390.0,5717,5020,3,-0.0388542,0.622471,51.8236,83.2545,18159,5707,4996,3399,0.30353,24,11,8.08698,0.778089,78.3843
531122,4184390.0,5717,5021,3,-0.0268383,0.515286,50.4482,97.9033,18159,5747,5018,3394,0.298145,28,12,6.56889,0.644108,89.0375
531126,4184390.0,5717,5022,3,-0.022651,0.574113,44.6499,77.7719,18159,5743,5023,3394,0.32059,21,7,4.40403,0.717642,76.5166
531474,4184390.0,5717,5138,1,-0.0178553,0.38377,53.1412,138.471,18159,5738,5098,3403,0.0734523,36,24,6.18113,0.479713,136.901
531476,4184390.0,5717,5139,1,-0.03022,0.37817,53.306,140.958,18159,5738,5098,3403,0.0236492,35,26,10.6494,0.472712,139.57
531480,4184390.0,5717,5140,1,-0.0962072,0.141197,15.6655,110.948,18159,5745,5148,3375,0.132148,3,42,26.6851,0.176496,85.685
531482,4184390.0,5717,5141,1,-0.0770949,0.145119,15.4569,106.512,18159,5745,5148,3375,0.276143,2,40,20.5288,0.181399,84.9238
531498,4184390.0,5717,5146,5,-0.00711885,0.147257,13.2961,90.2912,18159,5745,5148,3375,0.0861167,2,35,1.60693,0.184072,82.6602
531500,4184390.0,5717,5147,5,-0.0371739,0.151753,13.5794,89.4836,18159,5745,5148,3375,0.0690694,2,34,8.31612,0.189691,82.5279
531504,4184390.0,5717,5148,5,-0.0223788,0.14972,13.5327,90.3866,18159,5745,5148,3375,0.0308238,2,35,5.05687,0.18715,82.5044
530550,4184390.0,5718,4830,5,-0.0104343,0.40777,40.179,98.5337,18159,5745,4831,3435,0.24108,24,21,2.57033,0.509712,81.7714
530552,4184390.0,5718,4831,5,-0.0118465,0.434051,38.9957,89.8411,18159,5744,4831,3435,0.246174,20,19,2.66076,0.542564,79.2212
530594,4184390.0,5718,4845,1,-0.00983325,0.522792,50.6894,96.9589,18159,5739,4867,3420,0.273606,32,10,2.38355,0.65349,92.902
530598,4184390.0,5718,4846,1,-0.0234341,0.584726,49.8514,85.256,18159,5737,4867,3420,0.281917,34,5,4.99475,0.730908,86.6625
531110,4184390.0,5718,5017,3,-0.037293,0.679863,48.7506,71.7065,18159,5707,4996,3399,0.334392,20,11,6.68539,0.849828,70.1193
531114,4184390.0,5718,5018,3,-0.0321314,0.647855,49.6457,76.631,18159,5707,4996,3399,0.318558,21,11,6.15564,0.809818,74.1181
531116,4184390.0,5718,5019,3,-0.0264863,0.624027,61.0727,97.8686,18159,5710,4989,3399,0.306059,31,10,6.48045,0.780034,94.5485
531120,4184390.0,5718,5020,3,-0.0289503,0.530888,47.6505,89.7563,18159,5746,5019,3394,0.294765,29,7,6.49618,0.66361,82.61
531122,4184390.0,5718,5021,3,-0.0316057,0.582259,45.6928,78.4751,18159,5744,5022,3394,0.297401,25,5,6.20065,0.727824,76.5795
531476,4184390.0,5718,5139,1,-0.0171269,0.383343,53.2275,138.851,18159,5738,5098,3403,0.0566452,38,22,5.9452,0.479179,138.24
531480,4184390.0,5718,5140,1,-0.0412068,0.145356,15.6453,107.635,18159,5745,5148,3375,0.0150825,2,40,11.0882,0.181695,82.8005
531482,4184390.0,5718,5141,1,-0.0897769,0.149697,15.6015,104.221,18159,5745,5148,3375,0.170346,2,41,23.3916,0.187121,82.0125
531504,4184390.0,5718,5148,5,-0.0288247,0.156689,13.4744,85.9942,18159,5745,5148,3375,0.100209,2,32,6.19689,0.195862,79.5046
531506,4184390.0,5718,5149,5,-0.0111171,0.15695,13.6153,86.749,18159,5745,5148,3375,0.0743843,2,35,2.41099,0.196188,79.5934
531522,4184390.0,5718,5154,5,-0.00331208,0.162804,16.3203,100.245,18159,5745,5148,3375,0.3127,2,40,0.830048,0.203504,81.7054
531530,4184390.0,5718,5157,5,-0.00152037,0.178971,19.5238,109.09,18159,5745,5148,3375,0.38132,4,41,0.41464,0.223713,84.2388
531534,4184390.0,5718,5158,5,-0.00459724,0.183977,20.6374,112.174,18159,5745,5148,3375,0.379236,4,42,1.28922,0.229971,85.2778
531536,4184390.0,5718,5159,5,-0.00155808,0.189267,21.8252,115.314,18159,5745,5148,3375,0.38256,4,43,0.449171,0.236584,86.4086
531540,4184390.0,5718,5160,5,-0.00961726,0.193628,22.9475,118.513,18159,5745,5148,3375,0.38387,4,44,2.84943,0.242035,87.6275
531542,4184390.0,5718,5161,5,-0.00206269,0.198438,24.1421,121.66,18159,5745,5148,3375,0.378551,4,45,0.627369,0.248048,88.9309
531546,4184390.0,5718,5162,5,-0.0051334,0.202289,25.2145,124.646,18159,5745,5148,3375,0.373456,4,46,1.59965,0.252861,90.3152
531548,4184390.0,5718,5163,5,-0.00373051,0.206733,26.3547,127.482,18159,5745,5148,3375,0.370627,4,47,1.18893,0.258416,91.7768
531552,4184390.0,5718,5164,5,-0.0142657,0.211112,27.4806,130.171,18159,5745,5148,3375,0.37262,4,48,4.64246,0.26389,93.3119
531554,4184390.0,5718,5165,5,-0.017906,0.216057,28.5895,132.324,18159,5745,5148,3375,0.363042,4,49,5.92345,0.270072,94.917
531558,4184390.0,5718,5166,5,-0.0146876,0.22067,29.6452,134.342,18159,5745,5148,3375,0.343345,5,49,4.9329,0.275837,96.5887
531560,4184390.0,5718,5167,5,-0.0155421,0.225392,30.6244,135.872,18159,5745,5148,3375,0.319675,6,47,5.27932,0.28174,98.3235
531564,4184390.0,5718,5168,5,-0.0175327,0.239692,31.5479,131.618,18159,5745,5148,3375,0.303316,8,44,5.76908,0.299615,100.118
531566,4184390.0,5718,5169,5,-0.00838202,0.243228,32.3934,133.181,18159,5745,5148,3375,0.316118,8,45,2.79082,0.304035,101.969
531570,4184390.0,5718,5170,5,-0.00617332,0.247966,33.3327,134.425,18159,5745,5148,3375,0.355517,9,43,2.07462,0.309957,103.874
531572,4184390.0,5718,5171,5,-0.0102029,0.258003,34.4712,133.608,18159,5745,5148,3375,0.383945,16,39,3.40795,0.322504,105.83
531576,4184390.0,5718,5172,5,-0.0252763,0.261829,35.7703,136.617,18159,5745,5148,3375,0.386517,17,39,8.63295,0.327286,107.834
531578,4184390.0,5718,5173,5,-0.0380755,0.257726,36.9177,143.244,18159,5745,5148,3375,0.355727,12,43,13.6352,0.322158,109.883
531582,4184390.0,5718,5174,5,-0.0362168,0.255801,37.9239,148.255,18159,5745,5148,3375,0.305074,13,45,13.4234,0.319751,111.975
531584,4184390.0,5718,5175,5,-0.0305994,0.251713,38.7131,153.799,18159,5745,5148,3375,0.260198,13,46,11.7654,0.314641,114.108
530546,4184400.0,5719,4829,5,-0.00577676,0.412442,39.0919,94.7817,18159,5745,4831,3435,0.240679,24,19,1.36883,0.515552,78.8803
530594,4184400.0,5719,4845,1,-0.0160634,0.529405,49.93,94.3133,18159,5739,4867,3420,0.272686,32,9,3.78748,0.661757,90.6407
530598,4184400.0,5719,4846,1,-0.0346284,0.588533,49.1307,83.4799,18159,5737,4867,3420,0.29391,33,5,7.22695,0.735667,84.4741
531108,4184400.0,5719,5016,3,-0.0311129,0.679951,50.2224,73.8618,18159,5708,4994,3399,0.328051,30,2,5.74514,0.849939,71.8994
531110,4184400.0,5719,5017,3,-0.0348905,0.649925,58.5878,90.1454,18159,5709,4990,3399,0.320492,29,9,7.86303,0.812407,86.3708
531114,4184400.0,5719,5018,3,-0.0407813,0.616812,67.1666,108.893,18159,5712,4985,3399,0.320208,32,15,11.102,0.771015,99.5774
531116,4184400.0,5719,5019,3,-0.0353177,0.544962,46.3766,85.1006,18159,5746,5019,3394,0.312655,26,8,7.5139,0.681203,79.501
531120,4184400.0,5719,5020,3,-0.0335804,0.58528,44.5083,76.0461,18159,5744,5022,3394,0.303452,26,4,6.38415,0.7316,73.6428
531480,4184400.0,5719,5140,1,-0.0216094,0.348487,53.2404,152.776,18159,5738,5098,3403,0.0459398,29,33,8.2535,0.435608,139.662
531482,4184400.0,5719,5141,1,-0.046437,0.153659,15.5436,101.156,18159,5745,5148,3375,0.0607964,3,37,11.7435,0.192074,79.1078
531584,4184400.0,5719,5175,5,-0.0573377,0.463925,26.5775,57.2885,18159,5732,5163,3375,0.261602,12,12,8.21197,0.579906,53.0164
531588,4184400.0,5719,5176,5,-0.045445,0.460598,29.2251,63.4502,18159,5733,5162,3375,0.217763,14,13,7.20875,0.575748,57.8753
531590,4184400.0,5719,5177,5,-0.0290691,0.442322,29.7773,67.3203,18159,5733,5162,3375,0.186235,15,13,4.89235,0.552902,60.4989
531594,4184400.0,5719,5178,5,-0.0124946,0.421478,30.3041,71.8996,18159,5733,5162,3375,0.172325,20,9,2.24589,0.526847,63.5588
530544,4184400.0,5720,4828,5,-0.0141765,0.421938,38.1509,90.4182,18159,5745,4831,3435,0.257061,24,17,3.20454,0.527423,76.2798
530546,4184400.0,5720,4829,5,-0.0075136,0.44391,36.9483,83.2337,18159,5744,4831,3435,0.231654,22,15,1.56346,0.554888,72.8981
530594,4184400.0,5720,4845,1,-0.0216323,0.534334,49.086,91.864,18159,5739,4867,3420,0.287773,31,9,4.96806,0.667917,88.318
530598,4184400.0,5720,4846,1,-0.048416,0.588988,48.2626,81.9416,18159,5737,4867,3420,0.3164,30,7,9.91822,0.736234,82.2941
531104,4184400.0,5720,5015,3,-0.0379376,0.674272,56.9281,84.4291,18159,5710,4989,3399,0.306325,25,10,8.00759,0.842839,84.697
531108,4184400.0,5720,5016,3,-0.0227341,0.644791,61.5595,95.4721,18159,5711,4987,3399,0.298405,28,13,5.42617,0.805988,91.4096
531110,4184400.0,5720,5017,3,-0.00800069,0.566122,68.138,120.359,18159,5713,4983,3399,0.313214,34,20,2.40739,0.707653,104.109
531114,4184400.0,5720,5018,3,-0.017149,0.555066,44.9112,80.9114,18159,5746,5019,3394,0.333643,25,7,3.46887,0.693832,76.5398
531378,4184400.0,5720,5106,2,-0.00903481,0.45905,33.2301,72.3887,18159,5727,5085,3405,0.319189,22,9,1.63505,0.573813,68.0525
531380,4184400.0,5720,5107,2,-0.00033516,0.414083,25.28,61.0505,18159,5738,5098,3403,0.308144,20,6,0.0511542,0.517604,61.3783
531480,4184400.0,5720,5140,1,-0.0176679,0.300336,33.2713,110.78,18159,5751,5121,3342,0.0711296,14,35,4.89313,0.37542,108.558
531594,4184400.0,5720,5178,5,-0.0322874,0.532829,25.3954,47.6614,18159,5732,5168,3375,0.183701,14,7,3.84715,0.666037,46.2773
531596,4184400.0,5720,5179,5,-0.0181996,0.515281,25.9095,50.2823,18159,5732,5168,3375,0.171778,15,7,2.28779,0.644101,48.1208
531600,4184400.0,5720,5180,5,-0.0111114,0.494052,26.4111,53.458,18159,5732,5168,3375,0.176579,15,8,1.48498,0.617566,50.3542
531602,4184400.0,5720,5181,5,-0.0130064,0.473624,26.971,56.946,18159,5732,5168,3375,0.178006,15,9,1.85166,0.592031,52.8598
531606,4184400.0,5720,5182,5,-0.011737,0.463776,28.1772,60.7561,18159,5732,5167,3375,0.178152,14,12,1.78274,0.57972,55.6363
531608,4184400.0,5720,5183,5,-0.00621756,0.44187,28.7101,64.9741,18159,5732,5167,3375,0.185025,15,12,1.00995,0.552338,58.6978
530538,4184400.0,5721,4826,5,-0.00595516,0.3885,48.1173,123.854,18159,5755,4827,3435,0.278187,27,27,1.84393,0.485626,101.448
530540,4184400.0,5721,4827,5,-0.00843629,0.431299,36.9294,85.6239,18159,5745,4831,3435,0.284957,24,15,1.80587,0.539123,73.9372
530544,4184400.0,5721,4828,5,-0.024093,0.453753,35.9747,79.2826,18159,5744,4831,3435,0.277544,22,13,4.77538,0.567191,70.1926
530594,4184400.0,5721,4845,1,-0.0271047,0.537148,48.226,89.7814,18159,5739,4867,3420,0.311152,31,8,6.08374,0.671435,85.8397
530598,4184400.0,5721,4846,1,-0.0366433,0.588409,47.2325,80.2715,18159,5737,4867,3420,0.351758,26,10,7.35352,0.735512,80.1973
531102,4184400.0,5721,5014,3,-0.0377268,0.683842,59.6274,87.1948,18159,5711,4987,3399,0.31113,22,14,8.22395,0.854802,85.2861
531104,4184400.0,5721,5015,3,-0.0316594,0.646433,61.3903,94.9677,18159,5712,4986,3399,0.291181,27,14,7.51655,0.808041,90.393
531108,4184400.0,5721,5016,3,-0.0169855,0.525551,50.6313,96.3395,18159,5751,5012,3394,0.280723,31,6,4.09093,0.656939,89.2572
531110,4184400.0,5721,5017,3,-0.00202691,0.564844,43.4921,76.9985,18159,5746,5019,3394,0.295917,24,6,0.390173,0.706054,73.6536
531374,4184400.0,5721,5105,2,-0.0344382,0.48978,32.4651,66.285,18159,5726,5085,3405,0.376826,23,5,5.70684,0.612225,63.0111
531378,4184400.0,5721,5106,2,-0.0165597,0.409688,34.1174,83.2765,18159,5727,5084,3405,0.32431,29,8,3.44757,0.51211,69.2884
531380,4184400.0,5721,5107,2,-0.00798739,0.421463,24.4979,58.1259,18159,5738,5098,3403,0.301927,19,6,1.16069,0.526829,58.5292
531384,4184400.0,5721,5108,2,-0.0055424,0.418534,24.941,59.5914,18159,5738,5098,3403,0.303734,17,9,0.825699,0.523168,60.0235
531624,4184400.0,5721,5188,5,-0.00808505,0.43909,29.7074,67.6567,18159,5732,5170,3375,0.307491,9,19,1.36752,0.548863,61.6614
530534,4184410.0,5722,4825,5,-0.00934145,0.395974,40.9784,103.488,18159,5749,4830,3435,0.268375,20,27,2.41681,0.494967,83.8164
530538,4184410.0,5722,4826,5,-0.000101527,0.436767,35.6661,81.6594,18159,5745,4831,3435,0.283484,24,13,0.0207266,0.545958,71.5496
530594,4184410.0,5722,4845,1,-0.0358831,0.558027,52.2937,93.7118,18159,5742,4867,3420,0.337594,34,7,8.40668,0.697534,88.8077
530598,4184410.0,5722,4846,1,-0.0233365,0.586967,46.1549,78.6329,18159,5737,4867,3420,0.377474,23,12,4.58753,0.733709,78.1245
531098,4184410.0,5722,5013,3,-0.0406234,0.686798,59.398,86.4855,18159,5712,4986,3399,0.328019,22,14,8.78333,0.858497,88.1647
531102,4184410.0,5722,5014,3,-0.0280676,0.640411,62.4982,97.5907,18159,5712,4985,3399,0.299837,29,13,6.84785,0.800514,92.5074
531104,4184410.0,5722,5015,3,-0.0209963,0.545922,47.8521,87.6537,18159,5750,5013,3394,0.300948,25,10,4.601,0.682402,82.7259
531108,4184410.0,5722,5016,3,-0.0312351,0.5753,43.9039,76.3147,18159,5747,5018,3394,0.301815,19,11,5.95925,0.719126,73.7741
531378,4184410.0,5722,5106,2,-0.0265539,0.430443,23.2284,53.9639,18159,5738,5098,3403,0.352954,20,3,3.58238,0.538054,54.52
531380,4184410.0,5722,5107,2,-0.015593,0.427297,23.718,55.507,18159,5738,5098,3403,0.313394,16,8,2.1638,0.534122,55.9103
531632,4184410.0,5722,5191,5,-0.0224122,0.417568,31.4471,75.3103,18159,5732,5171,3375,0.3087,12,19,4.21967,0.52196,67.0208
530532,4184410.0,5723,4824,5,-0.000753113,0.399065,39.843,99.8411,18159,5749,4830,3435,0.242377,20,25,0.187979,0.498831,80.9734
530594,4184410.0,5723,4845,1,-0.022452,0.567267,51.2166,90.2864,18159,5742,4867,3420,0.355111,33,7,5.06777,0.709084,88.4826
530598,4184410.0,5723,4846,1,-0.015719,0.589919,45.6384,77.3639,18159,5738,4867,3420,0.382859,27,8,3.04021,0.737398,79.2988
531096,4184410.0,5723,5012,3,-0.0323576,0.685199,60.4065,88.1591,18159,5712,4985,3399,0.337511,24,13,7.13154,0.856499,86.1713
531098,4184410.0,5723,5013,3,-0.0323912,0.645834,61.968,95.9504,18159,5713,4984,3399,0.30793,27,15,7.76988,0.807293,93.82
531102,4184410.0,5723,5014,3,-0.0271706,0.560074,46.6823,83.3502,18159,5750,5013,3394,0.308876,22,9,5.66168,0.700092,79.5498
531104,4184410.0,5723,5015,3,-0.0290413,0.58768,42.6923,72.6454,18159,5747,5018,3394,0.32856,16,12,5.27429,0.7346,74.1781
531378,4184410.0,5723,5106,2,-0.0276232,0.434993,22.3404,51.3581,18159,5738,5098,3403,0.383271,17,5,3.54669,0.543741,51.8197
531638,4184410.0,5723,5193,5,-0.023797,0.438787,31.0862,70.8458,18159,5733,5174,3375,0.176668,21,9,4.21478,0.548483,64.3143
531642,4184410.0,5723,5194,5,-0.0207145,0.414589,31.2397,75.3512,18159,5732,5173,3375,0.118804,21,10,3.90216,0.518236,69.4878
530528,4184410.0,5724,4823,5,-0.0135554,0.399123,35.306,88.4588,18159,5747,4830,3435,0.227305,17,22,2.99774,0.498904,71.0977
530532,4184410.0,5724,4824,5,-0.0108747,0.444458,33.6118,75.6244,18159,5745,4831,3435,0.232636,26,7,2.05599,0.555572,66.8725
530594,4184410.0,5724,4845,1,-0.00844886,0.582773,54.5797,93.6552,18159,5745,4867,3420,0.349621,35,7,1.9782,0.728467,92.8155
530598,4184410.0,5724,4846,1,-0.010523,0.581886,44.541,76.5459,18159,5738,4867,3420,0.368443,27,7,2.01374,0.727358,76.7485
530600,4184410.0,5724,4847,1,-0.0142272,0.609614,43.546,71.432,18159,5737,4867,3420,0.389077,20,12,2.54069,0.762018,72.4702
531092,4184410.0,5724,5011,3,-0.0300042,0.673823,59.7473,88.6691,18159,5713,4984,3399,0.324978,23,16,6.65112,0.842279,88.9272
531096,4184410.0,5724,5012,3,-0.0338822,0.639998,62.4612,97.596,18159,5713,4983,3399,0.323836,26,17,8.26692,0.799997,91.1442
531098,4184410.0,5724,5013,3,-0.0456775,0.552741,45.4739,82.2699,18159,5750,5013,3394,0.317279,25,6,9.3947,0.690926,76.9629
531102,4184410.0,5724,5014,3,-0.0395648,0.585686,42.2627,72.1593,18159,5748,5016,3394,0.324774,18,9,7.13743,0.732107,70.8923
531366,4184410.0,5724,5102,2,-0.0225483,0.502918,27.1114,53.9081,18159,5726,5085,3405,0.379965,17,5,3.03884,0.628648,52.7019
531644,4184410.0,5724,5195,5,-0.0276358,0.439284,31.8304,72.4597,18159,5733,5174,3375,0.0477306,19,12,5.0062,0.549105,70.0883
530526,4184420.0,5725,4822,5,-0.00820386,0.409655,34.0857,83.206,18159,5746,4831,3435,0.212169,17,20,1.70653,0.512068,68.0327
530528,4184420.0,5725,4823,5,-0.00854869,0.449531,32.5629,72.4374,18159,5745,4831,3435,0.224758,26,7,1.54811,0.561914,64.9271
530532,4184420.0,5725,4824,5,-0.0173147,0.464506,31.4477,67.7013,18159,5744,4831,3435,0.237264,22,7,2.93057,0.580632,59.9729
530594,4184420.0,5725,4845,1,-0.0152055,0.537474,62.0322,115.414,18159,5754,4866,3421,0.336845,48,1,4.38732,0.671843,108.555
530598,4184420.0,5725,4846,1,-0.00838903,0.570238,43.8102,76.8279,18159,5739,4867,3420,0.352657,26,8,1.61128,0.712797,76.731
530600,4184420.0,5725,4847,1,-0.01007,0.612561,43.0663,70.3053,18159,5738,4867,3420,0.367341,23,9,1.76994,0.765702,73.5588
531090,4184420.0,5725,5010,3,-0.0254394,0.664588,58.524,88.0606,18159,5713,4984,3399,0.302044,22,17,5.60052,0.830735,85.308
531092,4184420.0,5725,5011,3,-0.0164474,0.624467,61.0081,97.6963,18159,5713,4983,3399,0.309594,27,16,4.01712,0.780584,91.4692
531096,4184420.0,5725,5012,3,-0.0354478,0.574762,45.56,79.2676,18159,5751,5012,3394,0.325206,23,6,7.02465,0.718453,76.5014
531098,4184420.0,5725,5013,3,-0.0474952,0.600565,43.1297,71.8153,18159,5749,5015,3394,0.342397,21,6,8.52719,0.750706,70.7575
531366,4184420.0,5725,5102,2,-0.0351635,0.470419,25.7676,54.7759,18159,5727,5085,3405,0.377514,11,11,4.81528,0.588024,52.7868
531644,4184420.0,5725,5195,5,-0.0306325,0.467776,30.6042,65.425,18159,5734,5175,3375,0.0444784,25,3,5.01033,0.58472,67.7809
530522,4184420.0,5726,4821,5,-0.036303,0.423561,33.2281,78.4495,18159,5746,4831,3435,0.232313,16,19,7.11988,0.529451,66.8729
530526,4184420.0,5726,4822,5,-0.0265713,0.457198,31.7857,69.523,18159,5745,4831,3435,0.223036,26,5,4.61829,0.571497,63.2397
530528,4184420.0,5726,4823,5,-0.00633891,0.485697,31.9597,65.8017,18159,5745,4831,3435,0.234406,23,5,1.04278,0.607121,63.1736
530598,4184420.0,5726,4846,1,-0.00980956,0.597599,47.8441,80.0605,18159,5742,4867,3420,0.339708,29,7,1.96339,0.746999,77.3555
530600,4184420.0,5726,4847,1,-0.0218716,0.605955,42.2201,69.6753,18159,5738,4867,3420,0.360558,24,7,3.80977,0.757443,71.1202
531086,4184420.0,5726,5009,3,-0.0155366,0.670685,59.1523,88.1967,18159,5713,4983,3399,0.268248,24,14,3.4257,0.838356,85.8735
531090,4184420.0,5726,5010,3,-0.0151315,0.636913,61.2233,96.1251,18159,5713,4982,3399,0.267513,28,14,3.63629,0.796141,90.9884
531092,4184420.0,5726,5011,3,-0.017336,0.572101,43.474,75.9901,18159,5751,5011,3394,0.285981,20,8,3.29341,0.715126,73.5
531096,4184420.0,5726,5012,3,-0.0209497,0.608688,43.5753,71.589,18159,5750,5014,3394,0.325817,17,10,3.74942,0.76086,70.727
531366,4184420.0,5726,5102,2,-0.0358805,0.421403,24.8821,59.0459,18159,5727,5085,3405,0.380694,16,9,5.29649,0.526754,52.1408
531644,4184420.0,5726,5195,5,-0.0286208,0.482183,30.6155,63.4935,18159,5734,5175,3375,0.056194,19,8,4.54309,0.602729,66.3779
530520,4184420.0,5727,4820,5,-0.0101447,0.426621,32.0601,75.1488,18159,5746,4831,3435,0.259005,16,17,1.90591,0.533276,65.4287
530522,4184420.0,5727,4821,5,-0.0283716,0.457925,30.7221,67.0898,18159,5745,4831,3435,0.266883,23,6,4.75861,0.572406,61.6942
530526,4184420.0,5727,4822,5,-0.0315467,0.490047,31.2136,63.6951,18159,5745,4831,3435,0.262209,24,4,5.02343,0.612559,61.2953
530598,4184420.0,5727,4846,1,-0.0214964,0.607116,50.3778,82.9789,18159,5744,4867,3420,0.338649,31,6,4.45937,0.758895,81.7197
530600,4184420.0,5727,4847,1,-0.0420515,0.594077,41.6464,70.1027,18159,5739,4867,3420,0.362974,23,8,7.36981,0.742596,71.0401
531080,4184420.0,5727,5007,3,-0.0282334,0.689207,59.0169,85.6301,18159,5713,4982,3399,0.246664,28,10,6.04408,0.861509,83.9581
531084,4184420.0,5727,5008,3,-0.0193102,0.670052,59.649,89.0215,18159,5713,4982,3399,0.212363,28,11,4.29755,0.837565,86.7962
531086,4184420.0,5727,5009,3,-0.0057451,0.62736,61.1675,97.4998,18159,5713,4981,3399,0.210737,32,11,1.40037,0.7842,92.0863
531090,4184420.0,5727,5010,3,-0.0202635,0.577848,43.9314,76.0259,18159,5752,5010,3394,0.236271,21,7,3.85137,0.722311,73.5128
531092,4184420.0,5727,5011,3,-0.018441,0.613775,41.9499,68.3473,18159,5750,5013,3394,0.261868,19,7,3.15099,0.767219,67.7235
531366,4184420.0,5727,5102,2,-0.0586224,0.447966,15.6037,34.8323,18159,5738,5098,3403,0.392181,13,1,5.10488,0.559958,33.2039
531368,4184420.0,5727,5103,2,-0.0123576,0.433525,15.8415,36.5411,18159,5738,5098,3403,0.378127,14,1,1.1289,0.541906,37.0144
531644,4184420.0,5727,5195,5,-0.0305869,0.488103,30.5269,62.5419,18159,5734,5175,3375,0.0736306,21,5,4.78241,0.610128,65.0412
531648,4184420.0,5727,5196,5,-0.0305503,0.443704,30.6407,69.0565,18159,5734,5175,3375,0.025516,22,7,5.27425,0.554631,67.3832
530520,4184420.0,5728,4820,5,-0.003676,0.482187,31.3794,65.0773,18159,5746,4831,3435,0.254487,23,7,0.59806,0.602734,65.3254
530522,4184420.0,5728,4821,5,-0.0153636,0.484879,29.9878,61.8459,18159,5745,4831,3435,0.29294,24,4,2.37543,0.606098,59.6561
530598,4184420.0,5728,4846,1,-0.0360499,0.600375,54.9379,91.506,18159,5749,4867,3420,0.351064,28,13,8.24696,0.750468,90.9427
530600,4184420.0,5728,4847,1,-0.0388874,0.61842,45.6722,73.8531,18159,5742,4867,3420,0.37524,27,6,7.17988,0.773025,72.0124
531074,4184420.0,5728,5005,3,-0.0495226,0.686211,58.3773,85.072,18159,5713,4981,3399,0.334868,27,11,10.5325,0.857763,83.056
531078,4184420.0,5728,5006,3,-0.0606662,0.671972,59.3505,88.3229,18159,5713,4981,3399,0.282595,28,11,13.3955,0.839965,85.7409
531080,4184420.0,5728,5007,3,-0.0629397,0.653558,60.1362,92.0136,18159,5713,4981,3399,0.216018,30,10,14.4783,0.816948,88.6403
531084,4184420.0,5728,5008,3,-0.0407312,0.560075,63.1072,112.676,18159,5714,4979,3399,0.176129,38,12,11.4736,0.700094,98.2512
531086,4184420.0,5728,5009,3,-0.0180652,0.591807,43.0762,72.7877,18159,5752,5010,3394,0.177144,19,9,3.2873,0.739759,70.5621
531090,4184420.0,5728,5010,3,-0.0210192,0.623286,42.5779,68.3119,18159,5751,5012,3394,0.218263,19,5,3.58966,0.779108,67.8176
531648,4184420.0,5728,5196,5,-0.0249819,0.464386,30.5533,65.7928,18159,5734,5175,3375,0.0327906,22,6,4.10908,0.580483,66.577
530516,4184430.0,5729,4819,5,-0.00422691,0.482899,30.5649,63.2946,18159,5746,4831,3435,0.188588,23,5,0.66885,0.603624,63.9715
530520,4184430.0,5729,4820,5,-0.00321139,0.479858,28.8131,60.0451,18159,5745,4831,3435,0.242246,23,3,0.482072,0.599822,58.4043
530598,4184430.0,5729,4846,1,-0.0342631,0.493615,41.6458,84.369,18159,5750,4832,3435,0.369655,33,1,7.22685,0.617019,77.6182
530600,4184430.0,5729,4847,1,-0.0216753,0.633397,46.3822,73.2277,18159,5743,4867,3420,0.386548,25,8,3.96808,0.791746,74.6753
531072,4184430.0,5729,5004,3,-0.0338665,0.666846,57.3783,86.0444,18159,5713,4981,3399,0.327436,32,6,7.28506,0.833557,83.8547
531074,4184430.0,5729,5005,3,-0.0402013,0.647045,58.1844,89.9232,18159,5713,4981,3399,0.313402,33,6,9.03758,0.808806,86.655
531078,4184430.0,5729,5006,3,-0.0654811,0.604342,61.6989,102.093,18159,5714,4979,3399,0.294315,39,6,16.7129,0.755427,93.5184
531080,4184430.0,5729,5007,3,-0.0807461,0.590567,43.5882,73.8074,18159,5753,5009,3394,0.267313,22,7,14.8991,0.738209,70.8972
531084,4184430.0,5729,5008,3,-0.0731243,0.610621,42.4421,69.5065,18159,5752,5010,3394,0.22842,20,10,12.7065,0.763276,67.683
531648,4184430.0,5729,5196,5,-0.0212402,0.453262,29.3134,64.6721,18159,5735,5175,3375,0.0470259,24,4,3.43412,0.566577,67.3832
530514,4184430.0,5730,4818,5,-0.00636755,0.464981,29.8816,64.2642,18159,5746,4831,3435,0.128194,16,12,1.02301,0.581226,61.7351
530516,4184430.0,5730,4819,5,-0.0140292,0.509119,30.1271,59.1749,18159,5746,4831,3435,0.172851,23,4,2.07544,0.636399,61.8791
530598,4184430.0,5730,4846,1,-0.0190277,0.488508,36.6791,75.0839,18159,5748,4833,3435,0.372559,25,5,3.57169,0.610635,66.4477
530600,4184430.0,5730,4847,1,-0.0148489,0.640983,47.9733,74.8433,18159,5745,4867,3420,0.377788,26,8,2.77836,0.801229,76.4761
531068,4184430.0,5730,5003,3,-0.0330988,0.661996,57.4171,86.7333,18159,5713,4980,3399,0.270699,31,8,7.17691,0.827495,84.5921
531072,4184430.0,5730,5004,3,-0.0337495,0.636696,58.1745,91.3693,18159,5713,4980,3399,0.279816,32,8,7.70917,0.79587,87.6774
531074,4184430.0,5730,5005,3,-0.0366666,0.579561,41.3472,71.3423,18159,5753,5009,3394,0.312712,20,10,6.5397,0.724451,68.4663
531078,4184430.0,5730,5006,3,-0.0490858,0.602701,42.1323,69.9058,18159,5753,5009,3394,0.349981,20,7,8.57845,0.753376,68.2899
531354,4184430.0,5730,5098,2,-0.00359224,0.420645,19.2483,45.7591,18159,5727,5084,3405,0.322126,13,7,0.410944,0.525806,42.5361
531356,4184430.0,5730,5099,2,-0.0140492,0.379898,9.64264,25.3822,18159,5738,5097,3403,0.347804,9,2,0.891495,0.474873,23.3901
531648,4184430.0,5730,5196,5,-0.0211763,0.473496,30.314,64.0217,18159,5734,5175,3375,0.0588382,18,8,3.38936,0.59187,65.3491
530510,4184430.0,5731,4817,5,-0.0157725,0.482033,33.4002,69.2903,18159,5749,4830,3435,0.0885569,18,12,2.7322,0.602541,66.7279
530514,4184430.0,5731,4818,5,-0.0224122,0.492803,29.5948,60.0539,18159,5746,4831,3435,0.115612,16,11,3.36485,0.616004,59.973
530598,4184430.0,5731,4846,1,-0.024329,0.517254,35.5867,68.7992,18159,5748,4833,3435,0.358886,24,5,4.18454,0.646568,66.3003
530600,4184430.0,5731,4847,1,-0.0214809,0.617413,48.0285,77.7899,18159,5747,4867,3420,0.351848,21,14,4.1775,0.771766,77.8085
531066,4184430.0,5731,5002,3,-0.0423305,0.659094,57.9057,87.8566,18159,5714,4979,3399,0.224398,34,5,9.29752,0.823867,86.3195
531068,4184430.0,5731,5003,3,-0.0266942,0.637205,58.4801,91.7761,18159,5714,4979,3399,0.214905,33,7,6.12473,0.796506,89.0305
531072,4184430.0,5731,5004,3,-0.031081,0.596989,40.2161,67.3648,18159,5753,5009,3394,0.267548,17,11,5.23442,0.746237,66.0443
531074,4184430.0,5731,5005,3,-0.0348887,0.611327,40.6915,66.5626,18159,5753,5009,3394,0.331291,19,6,5.80569,0.764159,65.7552
531344,4184430.0,5731,5095,2,-0.0246935,0.456869,15.2841,33.4541,18159,5727,5085,3405,0.229973,12,1,2.06525,0.571087,33.0039
531354,4184430.0,5731,5098,2,-0.0170362,0.38825,8.29816,21.3732,18159,5738,5097,3403,0.278669,7,2,0.910298,0.485312,19.9279
531356,4184430.0,5731,5099,2,-0.0282035,0.458138,9.11584,19.8976,18159,5738,5098,3403,0.319839,8,1,1.40295,0.572672,19.5576
531360,4184430.0,5731,5100,2,-0.0133974,0.434606,9.48132,21.8159,18159,5738,5098,3403,0.391045,7,1,0.730693,0.543258,22.6526
531648,4184430.0,5731,5196,5,-0.0248911,0.456425,29.0406,63.6263,18159,5735,5175,3375,0.0726647,14,10,3.95933,0.570532,65.7989
530508,4184440.0,5732,4816,5,-0.0114467,0.486649,46.6371,95.8331,18159,5761,4824,3435,0.0854649,21,19,2.74243,0.608312,88.8252
530510,4184440.0,5732,4817,5,-0.0369855,0.487859,29.6813,60.84,18159,5747,4830,3435,0.0985776,18,9,5.6255,0.609823,59.6474
530598,4184440.0,5732,4846,1,-0.0368348,0.523359,32.8686,62.8032,18159,5746,4833,3435,0.348837,23,3,5.78337,0.654198,57.343
530600,4184440.0,5732,4847,1,-0.0318161,0.598824,51.0731,85.289,18159,5751,4866,3420,0.33901,26,11,6.78391,0.74853,80.9169
531062,4184440.0,5732,5001,3,-0.0656471,0.660195,57.3111,86.8095,18159,5714,4979,3399,0.263756,28,11,14.247,0.825243,86.598
531066,4184440.0,5732,5002,3,-0.0691524,0.632471,57.8752,91.5066,18159,5714,4979,3399,0.192021,24,18,15.8198,0.790588,89.5952
531068,4184440.0,5732,5003,3,-0.0414547,0.602229,38.629,64.1434,18159,5753,5008,3394,0.211072,12,13,6.64761,0.752786,63.5677
531072,4184440.0,5732,5004,3,-0.022335,0.61919,39.3979,63.6281,18159,5753,5009,3394,0.287262,18,7,3.55283,0.773987,63.3195
531342,4184440.0,5732,5094,2,-0.031806,0.469766,16.0793,34.2284,18159,5727,5084,3405,0.241495,11,3,2.72167,0.587208,33.8809
531344,4184440.0,5732,5095,2,-0.0316415,0.484138,18.3513,37.905,18159,5727,5083,3405,0.196836,12,4,2.99843,0.605172,37.0582
531348,4184440.0,5732,5096,2,-0.0261442,0.423405,20.2329,47.7862,18159,5727,5082,3405,0.179364,16,4,3.12333,0.529257,44.44
531350,4184440.0,5732,5097,2,-0.0191809,0.396641,6.91827,17.4421,18159,5738,5096,3403,0.204571,5,1,0.836388,0.495802,16.5917
531354,4184440.0,5732,5098,2,-0.0340867,0.476658,8.00735,16.799,18159,5738,5098,3403,0.266595,4,1,1.43155,0.595822,16.5166
531356,4184440.0,5732,5099,2,-0.0308314,0.484093,8.34491,17.2382,18159,5738,5098,3403,0.326907,5,1,1.3287,0.605117,19.8013
531648,4184440.0,5732,5196,5,-0.0302869,0.454659,28.8604,63.4771,18159,5735,5175,3375,0.0900696,18,9,4.80632,0.568323,65.051
531650,4184440.0,5732,5197,5,-0.0197,0.39685,28.152,70.9387,18159,5736,5175,3375,0.0519857,16,11,3.49373,0.496063,68.8142
530502,4184440.0,5733,4814,5,-0.0215672,0.334026,61.9573,185.487,18159,5774,4819,3437,0.115451,25,60,10.0011,0.417533,123.975
530504,4184440.0,5733,4815,5,-0.0196713,0.481507,47.7938,99.2587,18159,5762,4824,3435,0.10651,23,18,4.88138,0.601884,90.4418
530598,4184440.0,5733,4846,1,-0.0240944,0.537495,31.7535,59.0767,18159,5746,4833,3435,0.346837,21,4,3.55855,0.671869,55.8161
530600,4184440.0,5733,4847,1,-0.0193273,0.597012,52.3839,87.7435,18159,5753,4866,3421,0.319009,31,7,4.23962,0.746265,83.7014
531060,4184440.0,5733,5000,3,-0.0378515,0.655337,56.1555,85.6896,18159,5714,4979,3399,0.279924,19,20,8.10871,0.819171,83.2074
531062,4184440.0,5733,5001,3,-0.0688051,0.628838,58.7671,93.4536,18159,5714,4978,3399,0.226292,23,20,16.0752,0.786047,88.4675
531066,4184440.0,5733,5002,3,-0.0715019,0.599006,37.8141,63.1281,18159,5753,5008,3394,0.216405,11,14,11.2845,0.748757,62.7424
531068,4184440.0,5733,5003,3,-0.0389792,0.632795,38.5695,60.951,18159,5753,5009,3394,0.267499,14,11,5.93956,0.790994,60.8131
531338,4184440.0,5733,5093,2,-0.0397739,0.502522,18.4693,36.7532,18159,5727,5082,3405,0.232874,11,5,3.65454,0.628152,36.3511
531342,4184440.0,5733,5094,2,-0.0361373,0.471685,19.2229,40.7537,18159,5727,5082,3405,0.1917,13,4,3.68182,0.589606,39.7743
531344,4184440.0,5733,5095,2,-0.0470869,0.430747,10.7486,24.9535,18159,5741,5094,3403,0.183169,8,2,2.93745,0.538433,22.9342
531348,4184440.0,5733,5096,2,-0.0388893,0.450425,6.23312,13.8383,18159,5738,5096,3403,0.183722,4,0,1.34541,0.563031,13.5007
531650,4184440.0,5733,5197,5,-0.0198596,0.41008,27.9748,68.2178,18159,5736,5175,3375,0.0577258,16,10,3.38695,0.5126,68.2941
530498,4184440.0,5734,4813,5,-0.0236969,0.468457,60.9755,130.162,18159,5773,4820,3437,0.133416,26,29,7.7111,0.585571,118.312
530502,4184440.0,5734,4814,5,-0.0120462,0.482688,50.1546,103.907,18159,5766,4822,3435,0.136431,22,21,3.1292,0.60336,97.7361
530598,4184440.0,5734,4846,1,-0.00738524,0.536411,31.6136,58.9354,18159,5747,4833,3435,0.340043,20,5,1.08813,0.670514,55.7647
530600,4184440.0,5734,4847,1,-0.0225203,0.588798,52.3958,88.9879,18159,5754,4866,3421,0.315475,36,2,5.01007,0.735997,83.1573
531054,4184440.0,5734,4998,3,-0.0748963,0.645045,60.8011,94.2586,18159,5714,4974,3400,0.354051,39,4,17.6491,0.806307,91.8001
531056,4184440.0,5734,4999,3,-0.0602981,0.640292,60.7004,94.8011,18159,5714,4975,3399,0.248737,39,4,14.2908,0.800365,92.1087
531060,4184440.0,5734,5000,3,-0.0610958,0.586987,68.9153,117.405,18159,5716,4966,3385,0.203011,41,10,17.9324,0.733734,114.187
531062,4184440.0,5734,5001,3,-0.0603954,0.602619,38.0689,63.1725,18159,5754,5007,3394,0.233337,15,10,9.53831,0.753273,62.7786
531066,4184440.0,5734,5002,3,-0.0476514,0.635184,36.9939,58.2411,18159,5753,5008,3394,0.288691,11,13,6.93819,0.793981,61.4699
531336,4184440.0,5734,5092,2,-0.0468159,0.492732,18.539,37.6249,18159,5728,5081,3405,0.226125,6,10,4.40361,0.615915,36.924
531338,4184440.0,5734,5093,2,-0.0585722,0.477602,20.6552,43.2478,18159,5728,5080,3405,0.195484,9,9,6.3328,0.597003,41.6934
531342,4184440.0,5734,5094,2,-0.0533524,0.492126,10.0628,20.4477,18159,5741,5094,3403,0.189424,6,2,2.72733,0.615157,19.5263
531344,4184440.0,5734,5095,2,-0.0500377,0.522803,8.78525,16.8041,18159,5740,5095,3403,0.22947,4,1,2.1021,0.653504,16.5565
531650,4184440.0,5734,5197,5,-0.0195194,0.417512,27.8088,66.6059,18159,5736,5175,3375,0.0669832,17,8,3.25027,0.52189,67.8971
530496,4184440.0,5735,4812,5,-0.0247153,0.486856,60.3484,123.955,18159,5773,4820,3437,0.151604,24,29,7.65898,0.60857,117.18
530498,4184440.0,5735,4813,5,-0.0179624,0.488388,51.7011,105.861,18159,5768,4821,3436,0.151721,23,21,4.75379,0.610485,100.654
530598,4184440.0,5735,4846,1,-0.0228923,0.528431,31.5282,59.6639,18159,5748,4833,3435,0.330804,21,4,3.41461,0.660538,55.5006
530600,4184440.0,5735,4847,1,-0.0348025,0.593289,52.6591,88.7581,18159,5755,4866,3421,0.337841,31,7,7.7225,0.741611,83.4942
531054,4184440.0,5735,4998,3,-0.108914,0.597781,70.0234,117.139,18159,5720,4962,3386,0.30235,36,14,31.8952,0.747226,115.554
531056,4184440.0,5735,4999,3,-0.0961796,0.529432,45.3378,85.6348,18159,5760,5002,3395,0.220742,24,13,20.5908,0.66179,76.6789
531060,4184440.0,5735,5000,3,-0.0667882,0.605747,38.5552,63.649,18159,5755,5006,3394,0.233635,19,6,10.6275,0.757184,62.4139
531062,4184440.0,5735,5001,3,-0.0510973,0.640908,37.239,58.1035,18159,5754,5007,3394,0.317149,14,10,7.42233,0.801135,57.9104
531330,4184440.0,5735,5090,2,-0.0340234,0.536821,22.7046,42.2945,18159,5729,5077,3405,0.24322,13,5,3.5975,0.671026,44.0378
531332,4184440.0,5735,5091,2,-0.0447951,0.517938,23.4431,45.2623,18159,5729,5077,3405,0.213807,13,6,5.06882,0.647423,47.0185
531336,4184440.0,5735,5092,2,-0.0527243,0.410125,16.1007,39.258,18159,5746,5091,3403,0.208608,13,2,5.17462,0.512656,31.5942
531338,4184440.0,5735,5093,2,-0.0659575,0.471724,9.1413,19.3785,18159,5741,5094,3403,0.225542,4,2,3.19539,0.589654,17.7479
531342,4184440.0,5735,5094,2,-0.0460652,0.512101,8.0202,15.6614,18159,5740,5095,3403,0.268413,5,0,1.80361,0.640126,15.2513
531650,4184440.0,5735,5197,5,-0.0164301,0.420218,27.6199,65.7274,18159,5736,5175,3375,0.0779714,18,6,2.69977,0.525273,67.6269
531654,4184440.0,5735,5198,5,-0.013978,0.396152,27.7267,69.9902,18159,5736,5175,3375,0.00883178,18,7,2.4458,0.49519,70.6173
530598,4184450.0,5736,4846,1,-0.0448723,0.538347,33.4921,62.2129,18159,5749,4832,3435,0.340961,24,2,6.97908,0.672934,57.7754
530600,4184450.0,5736,4847,1,-0.0374111,0.597725,55.6718,93.1395,18159,5757,4867,3421,0.359104,36,4,8.71113,0.747156,88.7799
531050,4184450.0,5736,4997,3,-0.0804119,0.581301,70.2216,120.801,18159,5722,4960,3386,0.372918,41,11,24.2845,0.726626,120.492
531054,4184450.0,5736,4998,3,-0.0910172,0.569962,42.1683,73.9844,18159,5759,5002,3395,0.327863,24,8,16.8346,0.712452,68.5002
531056,4184450.0,5736,4999,3,-0.0888053,0.620967,40.1779,64.7021,18159,5757,5004,3394,0.316303,20,5,14.3647,0.776209,63.6184
531324,4184450.0,5736,5088,2,-0.0404983,0.563846,23.2647,41.2608,18159,5729,5076,3405,0.255872,11,7,4.17747,0.704807,41.1238
531326,4184450.0,5736,5089,2,-0.0310046,0.542498,23.8616,43.9846,18159,5729,5076,3405,0.212631,11,8,3.40932,0.678123,43.5444
531330,4184450.0,5736,5090,2,-0.0427773,0.501439,24.4995,48.8584,18159,5729,5076,3405,0.202265,14,6,5.22508,0.626798,47.5331
531332,4184450.0,5736,5091,2,-0.0601279,0.506496,12.1902,24.0676,18159,5744,5092,3403,0.208661,8,2,3.61784,0.633121,22.5901
531336,4184450.0,5736,5092,2,-0.0570215,0.568647,9.64871,16.9678,18159,5742,5093,3403,0.260468,5,1,2.41883,0.710808,16.6698
531338,4184450.0,5736,5093,2,-0.0570149,0.609811,8.3519,13.6959,18159,5741,5094,3403,0.322476,4,1,1.95217,0.762264,13.6033
531654,4184450.0,5736,5198,5,-0.00725205,0.404096,27.778,68.7411,18159,5736,5175,3375,0.0409763,19,5,1.24628,0.505121,70.5067
530598,4184450.0,5737,4846,1,-0.048618,0.548473,33.3295,60.7677,18159,5750,4832,3435,0.363223,25,1,7.38602,0.685591,58.9629
530600,4184450.0,5737,4847,1,-0.0169238,0.561261,55.4182,98.7386,18159,5758,4867,3421,0.368205,32,8,4.17759,0.701576,87.1016
531042,4184450.0,5737,4994,3,-0.0387653,0.589874,66.4282,112.614,18159,5722,4960,3386,0.390326,32,16,10.9138,0.737342,109.896
531044,4184450.0,5737,4995,3,-0.0472118,0.578493,67.493,116.67,18159,5722,4960,3386,0.367757,33,16,13.7705,0.723117,113.099
531048,4184450.0,5737,4996,3,-0.0532144,0.553939,68.5646,123.776,18159,5722,4960,3386,0.367285,32,20,16.4667,0.692424,117.609
531050,4184450.0,5737,4997,3,-0.0566415,0.57069,40.4427,70.8664,18159,5759,5002,3395,0.37711,21,9,10.035,0.713363,65.9601
531054,4184450.0,5737,4998,3,-0.0545912,0.613743,39.8182,64.8777,18159,5758,5003,3394,0.397497,12,15,8.85437,0.767179,63.2807
531318,4184450.0,5737,5086,2,-0.0617914,0.57512,25.4604,44.2698,18159,5729,5074,3405,0.320655,12,7,6.83873,0.7189,43.5276
531320,4184450.0,5737,5087,2,-0.0726811,0.563035,26.3728,46.8404,18159,5729,5074,3405,0.251607,12,8,8.51102,0.703794,45.8369
531324,4184450.0,5737,5088,2,-0.0559863,0.534525,27.0035,50.5187,18159,5729,5074,3405,0.189374,14,7,7.07089,0.668157,48.8912
531326,4184450.0,5737,5089,2,-0.0395822,0.513188,31.8217,62.008,18159,5756,5086,3403,0.174433,19,6,6.13603,0.641485,56.1079
531330,4184450.0,5737,5090,2,-0.0488089,0.480644,11.2414,23.3881,18159,5744,5092,3403,0.211511,7,1,2.85387,0.600805,21.0882
531332,4184450.0,5737,5091,2,-0.0589872,0.575963,10.7003,18.5781,18159,5743,5093,3403,0.275785,4,3,2.73967,0.719954,19.7328
531654,4184450.0,5737,5198,5,-0.00562399,0.405096,27.8752,68.8115,18159,5736,5175,3375,0.092867,21,6,0.967487,0.50637,70.5331
530484,4184450.0,5738,4808,5,-0.0146188,0.373502,58.3015,156.094,18159,5774,4819,3437,0.142136,26,46,5.70478,0.466877,113.255
530598,4184450.0,5738,4846,1,-0.0419084,0.546151,32.1982,58.9548,18159,5750,4832,3435,0.379701,22,3,6.17675,0.682689,56.3937
530600,4184450.0,5738,4847,1,-0.0189262,0.568373,55.1779,97.0806,18159,5759,4867,3422,0.35818,32,8,4.59342,0.710466,88.5773
531038,4184450.0,5738,4993,3,-0.0308747,0.576822,65.1365,112.923,18159,5722,4960,3386,0.351266,28,20,8.71616,0.721028,109.987
531042,4184450.0,5738,4994,3,-0.0353838,0.565627,66.0685,116.806,18159,5722,4960,3386,0.325564,27,22,10.3326,0.707033,113.163
531044,4184450.0,5738,4995,3,-0.0309868,0.551196,66.6012,120.83,18159,5723,4959,3386,0.331601,38,14,9.36035,0.688995,118.921
531048,4184450.0,5738,4996,3,-0.033368,0.552865,38.7195,70.0343,18159,5759,5002,3395,0.364384,17,13,5.84227,0.691081,65.4802
531312,4184450.0,5738,5084,2,-0.0376328,0.586777,26.4576,45.0896,18159,5729,5072,3405,0.352207,15,5,4.24212,0.733471,43.6419
531314,4184450.0,5738,5085,2,-0.0380192,0.567463,27.3932,48.2731,18159,5729,5072,3405,0.324379,16,5,4.58826,0.709329,46.1819
531318,4184450.0,5738,5086,2,-0.0563181,0.546949,28.498,52.1037,18159,5729,5072,3405,0.295831,16,6,7.33595,0.683686,49.0411
531320,4184450.0,5738,5087,2,-0.0755179,0.494471,31.3423,63.3856,18159,5729,5070,3405,0.252619,14,13,11.9669,0.618089,56.0079
531324,4184450.0,5738,5088,2,-0.0672191,0.548771,23.4241,42.6846,18159,5752,5088,3403,0.207889,17,0,7.17304,0.685964,43.4073
531326,4184450.0,5738,5089,2,-0.0542535,0.576915,15.7261,27.2589,18159,5747,5091,3403,0.222326,9,1,3.69723,0.721143,28.4559
531654,4184450.0,5738,5198,5,-0.00176609,0.407508,28.1015,68.9594,18159,5736,5175,3375,0.14222,21,5,0.304471,0.509385,70.6958
530598,4184460.0,5739,4846,1,-0.0292352,0.54075,31.01,57.3462,18159,5750,4832,3435,0.38586,20,4,4.19132,0.675937,53.8497
530600,4184460.0,5739,4847,1,-0.0338441,0.570577,54.1882,94.971,18159,5759,4867,3422,0.361313,34,5,8.03553,0.713221,85.9569
531036,4184460.0,5739,4992,3,-0.029796,0.575369,63.7791,110.849,18159,5723,4959,3386,0.300585,30,18,8.25715,0.719211,111.621
531038,4184460.0,5739,4993,3,-0.0325506,0.568804,64.7632,113.859,18159,5723,4959,3386,0.282724,35,14,9.26542,0.711005,114.515
531042,4184460.0,5739,4994,3,-0.0284978,0.537933,65.4209,121.615,18159,5723,4959,3386,0.279707,35,17,8.66441,0.672417,115.61
531044,4184460.0,5739,4995,3,-0.0202317,0.571278,39.3547,68.8889,18159,5760,5002,3395,0.307767,16,13,3.48434,0.714098,67.5709
531302,4184460.0,5739,5081,2,-0.0328413,0.565267,24.4274,43.2139,18159,5729,5071,3405,0.362102,7,12,3.548,0.706583,42.0661
531306,4184460.0,5739,5082,2,-0.0229427,0.561174,25.4234,45.3039,18159,5729,5071,3405,0.343768,10,10,2.59848,0.701468,43.781
531308,4184460.0,5739,5083,2,-0.0347002,0.551543,26.5548,48.1465,18159,5729,5071,3405,0.322773,11,10,4.17673,0.689429,46.0065
531312,4184460.0,5739,5084,2,-0.0374715,0.528307,27.4961,52.0457,18159,5729,5071,3405,0.303714,10,12,4.87558,0.660383,48.8994
531314,4184460.0,5739,5085,2,-0.0315815,0.489951,31.2814,63.8459,18159,5729,5068,3405,0.292767,16,12,5.04088,0.612439,57.4996
531318,4184460.0,5739,5086,2,-0.0352102,0.577567,42.7407,74.0012,18159,5761,5076,3344,0.290486,30,1,6.51399,0.721959,71.2389
531320,4184460.0,5739,5087,2,-0.0500614,0.578611,26.2402,45.3504,18159,5754,5087,3403,0.287563,15,3,5.67576,0.723263,43.5027
531654,4184460.0,5739,5198,5,-0.00505036,0.410152,28.4144,69.2778,18159,5736,5175,3375,0.197478,25,4,0.874695,0.51269,71.0161
531656,4184460.0,5739,5199,5,-0.00624874,0.388898,28.8562,74.2,18159,5736,5175,3375,0.188523,21,7,1.15914,0.486122,73.9533
530598,4184460.0,5740,4846,1,-0.0206625,0.547722,30.4997,55.6846,18159,5751,4832,3435,0.384162,18,6,2.87647,0.684652,55.078
530600,4184460.0,5740,4847,1,-0.0266879,0.57322,53.1006,92.6356,18159,5759,4867,3422,0.359514,35,3,6.18063,0.716525,83.493
531032,4184460.0,5740,4991,3,-0.0342313,0.570373,62.9809,110.421,18159,5723,4959,3386,0.242505,34,14,9.44959,0.712966,108.207
531036,4184460.0,5740,4992,3,-0.0321112,0.558013,63.6617,114.087,18159,5723,4959,3386,0.239802,33,16,9.15863,0.697516,111.189
531038,4184460.0,5740,4993,3,-0.0347262,0.525091,67.1076,127.802,18159,5726,4955,3386,0.243684,42,13,11.0952,0.656364,123.015
531042,4184460.0,5740,4994,3,-0.0341232,0.565778,39.9137,70.5466,18159,5761,5002,3395,0.262238,15,15,6.01819,0.707222,67.8795
531300,4184460.0,5740,5080,2,-0.0395866,0.531786,26.6403,50.096,18159,5729,5068,3405,0.341411,13,9,4.95782,0.664732,48.1684
531302,4184460.0,5740,5081,2,-0.0487613,0.521039,27.7135,53.1889,18159,5729,5068,3405,0.322928,14,9,6.4839,0.651298,50.5425
531306,4184460.0,5740,5082,2,-0.0414535,0.500238,28.5973,57.1674,18159,5729,5068,3405,0.298513,17,7,5.92446,0.625298,53.6482
531308,4184460.0,5740,5083,2,-0.0282201,0.501153,33.1163,66.0802,18159,5728,5066,3405,0.281777,18,10,4.66198,0.626441,61.1782
531312,4184460.0,5740,5084,2,-0.031695,0.538211,52.178,96.947,18159,5766,5067,3344,0.280331,37,5,7.68185,0.672764,91.7211
531314,4184460.0,5740,5085,2,-0.0404672,0.599677,38.6719,64.4878,18159,5761,5081,3344,0.285668,23,1,6.5241,0.749597,62.8015
531656,4184460.0,5740,5199,5,-0.00462201,0.396831,29.3555,73.9748,18159,5736,5175,3375,0.222941,21,6,0.854782,0.496039,74.3993
530598,4184460.0,5741,4846,1,-0.0133793,0.544157,29.3733,53.9795,18159,5751,4832,3435,0.37014,18,5,1.80552,0.680196,52.8043
530600,4184460.0,5741,4847,1,-0.019941,0.576316,51.9185,90.087,18159,5759,4867,3422,0.34515,34,3,4.49106,0.720394,81.2139
531030,4184460.0,5741,4990,3,-0.0273852,0.568896,63.5802,111.761,18159,5723,4958,3386,0.190206,37,12,7.65147,0.71112,109.603
531032,4184460.0,5741,4991,3,-0.0229215,0.544195,63.3387,116.39,18159,5724,4957,3386,0.19434,41,9,6.66957,0.680244,114.753
531036,4184460.0,5741,4992,3,-0.0223,0.433466,45.4327,104.812,18159,5772,4998,3395,0.21547,23,21,5.8433,0.541833,96.1094
531038,4184460.0,5741,4993,3,-0.0309666,0.561419,38.6702,68.8794,18159,5762,5001,3395,0.245132,15,15,5.3324,0.701774,69.1698
531284,4184460.0,5741,5075,2,-0.0308546,0.543013,30.4636,56.1011,18159,5730,5060,3392,0.325167,18,7,4.32745,0.678766,54.8335
531288,4184460.0,5741,5076,2,-0.0356184,0.543159,31.4403,57.8841,18159,5730,5060,3392,0.325574,20,6,5.15436,0.678948,56.2511
531290,4184460.0,5741,5077,2,-0.0501931,0.499249,30.0792,60.2488,18159,5730,5061,3392,0.321826,19,7,7.56019,0.624061,58.1941
531294,4184460.0,5741,5078,2,-0.0390892,0.489211,31.0293,63.4271,18159,5730,5061,3392,0.312312,20,7,6.19829,0.611514,60.8975
531296,4184460.0,5741,5079,2,-0.0277193,0.505633,34.327,67.8892,18159,5730,5060,3392,0.308737,23,6,4.7046,0.632041,64.8046
531300,4184460.0,5741,5080,2,-0.0201008,0.492379,35.7987,72.7057,18159,5731,5059,3392,0.315146,20,10,3.6536,0.615473,70.6761
531302,4184460.0,5741,5081,2,-0.0328898,0.531014,48.9579,92.197,18159,5766,5066,3344,0.311985,27,12,7.58084,0.663768,85.9453
531306,4184460.0,5741,5082,2,-0.044545,0.555877,50.4133,90.6915,18159,5766,5067,3344,0.29983,36,3,10.0996,0.694847,86.2129
531660,4184460.0,5741,5200,5,-0.00905911,0.373627,30.3116,81.1282,18159,5736,5175,3375,0.241309,21,10,1.83737,0.467033,77.8006
530598,4184470.0,5742,4846,1,-0.0200374,0.537027,28.2915,52.6816,18159,5751,4832,3435,0.366206,15,7,2.63901,0.671284,50.5735
530600,4184470.0,5742,4847,1,-0.0379125,0.587333,51.043,86.9064,18159,5759,4867,3422,0.343984,33,3,8.23709,0.734166,79.3936
531026,4184470.0,5742,4989,3,-0.034759,0.565324,64.3684,113.861,18159,5726,4955,3386,0.166762,42,7,9.89424,0.706655,113.525
531030,4184470.0,5742,4990,3,-0.0200105,0.55512,64.8814,116.878,18159,5726,4955,3386,0.150361,39,11,5.84697,0.693901,116.969
531032,4184470.0,5742,4991,3,-0.013329,0.458074,43.4351,94.8212,18159,5771,4998,3395,0.175011,26,13,3.15969,0.572592,87.7869
531036,4184470.0,5742,4992,3,-0.0156622,0.535689,38.3484,71.5872,18159,5764,5000,3395,0.212973,19,12,2.80304,0.669611,68.7929
531260,4184470.0,5742,5067,2,-0.0430906,0.616547,28.2781,45.8652,18159,5732,5055,3392,0.320052,12,9,4.9409,0.770684,48.3463
531264,4184470.0,5742,5068,2,-0.0440988,0.596381,29.394,49.2873,18159,5731,5056,3392,0.307909,12,10,5.43378,0.745476,48.7125
531266,4184470.0,5742,5069,2,-0.0464706,0.603448,30.2922,50.1986,18159,5731,5056,3392,0.302001,14,9,5.83189,0.75431,49.4212
531270,4184470.0,5742,5070,2,-0.0399077,0.571659,29.6816,51.9218,18159,5731,5057,3392,0.292468,15,8,5.1802,0.714574,50.7949
531272,4184470.0,5742,5071,2,-0.0319591,0.560435,30.4853,54.3959,18159,5731,5057,3392,0.286238,16,8,4.34611,0.700543,52.7852
531276,4184470.0,5742,5072,2,-0.0286098,0.543059,31.3491,57.7269,18159,5731,5057,3392,0.296228,17,8,4.12889,0.678824,55.4696
531278,4184470.0,5742,5073,2,-0.0320195,0.523538,32.2552,61.6099,18159,5731,5057,3392,0.308866,17,9,4.9318,0.654423,58.6432
531282,4184470.0,5742,5074,2,-0.0442393,0.525669,34.7363,66.0802,18159,5731,5056,3392,0.311281,19,9,7.30835,0.657086,62.3769
531284,4184470.0,5742,5075,2,-0.0435373,0.500724,35.4574,70.8123,18159,5732,5055,3392,0.31352,20,9,7.70744,0.625905,67.8853
531288,4184470.0,5742,5076,2,-0.0385222,0.533342,44.2262,82.9228,18159,5766,5066,3344,0.315693,34,3,7.98593,0.666677,76.9466
531290,4184470.0,5742,5077,2,-0.0407593,0.550652,45.1684,82.0271,18159,5766,5066,3344,0.322815,29,5,8.35843,0.688315,78.0788
531294,4184470.0,5742,5078,2,-0.0424366,0.55985,46.0553,82.2636,18159,5766,5066,3344,0.321414,23,12,8.72747,0.699812,78.8739
531296,4184470.0,5742,5079,2,-0.0295055,0.56963,47.3315,83.0917,18159,5766,5067,3344,0.303218,28,9,6.12917,0.712037,79.7987
531300,4184470.0,5742,5080,2,-0.0127612,0.574949,48.1763,83.7923,18159,5766,5067,3344,0.303272,33,3,2.67323,0.718686,80.5279
531302,4184470.0,5742,5081,2,-0.0142045,0.582748,47.1229,80.8631,18159,5765,5068,3344,0.31719,28,7,2.87154,0.728435,78.2582
531660,4184470.0,5742,5200,5,-0.00104899,0.388695,30.9884,79.7243,18159,5736,5175,3375,0.278215,27,9,0.209075,0.485868,78.4864
530466,4184470.0,5743,4802,5,-0.00596507,0.381206,53.5836,140.564,18159,5774,4819,3437,0.183751,25,38,2.09618,0.476507,106.684
530600,4184470.0,5743,4847,1,-0.0368364,0.601593,50.0243,83.153,18159,5759,4867,3422,0.355524,31,4,7.65764,0.751991,77.9379
531024,4184470.0,5743,4988,3,-0.0327046,0.580983,66.1439,113.848,18159,5727,4954,3386,0.199523,36,13,9.30842,0.726228,114.623
531026,4184470.0,5743,4989,3,-0.0339524,0.573838,69.2152,120.618,18159,5728,4953,3386,0.154469,41,11,10.2382,0.717297,118.698
531030,4184470.0,5743,4990,3,-0.0240806,0.441267,43.9945,99.7005,18159,5772,4998,3395,0.146195,26,16,6.00213,0.551583,89.435
531032,4184470.0,5743,4991,3,-0.0160269,0.518141,39.6587,76.5404,18159,5767,4999,3395,0.171661,24,7,3.06676,0.647676,77.4201
531252,4184470.0,5743,5064,2,-0.0359583,0.615293,28.3078,46.007,18159,5732,5053,3392,0.295056,19,2,4.13583,0.769116,44.6701
531254,4184470.0,5743,5065,2,-0.0393745,0.578266,28.1279,48.6418,18159,5732,5054,3392,0.298264,19,2,4.78812,0.722833,46.7172
531258,4184470.0,5743,5066,2,-0.051063,0.582597,30.1029,51.6701,18159,5732,5053,3392,0.295451,21,2,6.59607,0.728247,48.9835
531260,4184470.0,5743,5067,2,-0.0556762,0.563136,31.0254,55.0939,18159,5732,5053,3392,0.285183,22,2,7.66855,0.703921,51.4641
531264,4184470.0,5743,5068,2,-0.0510084,0.540601,31.8175,58.8558,18159,5732,5053,3392,0.280977,24,1,7.50534,0.675751,54.1224
531266,4184470.0,5743,5069,2,-0.0458267,0.468305,42.6258,91.0215,18159,5769,5063,3345,0.287305,34,5,10.428,0.585381,78.5697
531270,4184470.0,5743,5070,2,-0.0496871,0.500977,40.1873,80.2179,18159,5767,5065,3344,0.28954,26,4,9.96448,0.626221,72.843
531272,4184470.0,5743,5071,2,-0.0477757,0.532165,40.9636,76.9754,18159,5767,5065,3344,0.290107,23,8,9.19388,0.665206,72.8038
531276,4184470.0,5743,5072,2,-0.0346484,0.550288,40.3714,73.364,18159,5766,5066,3344,0.300833,28,2,6.35486,0.68786,70.1539
531278,4184470.0,5743,5073,2,-0.0318407,0.559399,41.2143,73.676,18159,5766,5066,3344,0.316641,30,3,5.86473,0.699249,70.9424
531282,4184470.0,5743,5074,2,-0.0396292,0.566575,42.0714,74.2558,18159,5766,5066,3344,0.331561,31,3,7.35675,0.708219,71.9222
531284,4184470.0,5743,5075,2,-0.0357029,0.573026,42.9292,74.9167,18159,5766,5066,3344,0.336507,25,6,6.68686,0.716282,72.8475
531288,4184470.0,5743,5076,2,-0.0263106,0.578199,43.7429,75.6536,18159,5766,5066,3344,0.350395,21,11,4.97623,0.722749,73.6404
531660,4184470.0,5743,5200,5,-0.000913985,0.399412,31.8076,79.636,18159,5736,5175,3375,0.312115,25,6,0.181965,0.499264,79.2499
530462,4184470.0,5744,4801,5,-0.0036986,0.401007,52.7828,131.626,18159,5774,4819,3437,0.204061,25,34,1.21708,0.501259,105.628
531020,4184470.0,5744,4987,3,-0.0194332,0.593861,67.8728,114.291,18159,5728,4953,3386,0.232864,41,8,5.55259,0.742327,114.663
531024,4184470.0,5744,4988,3,-0.0248113,0.591046,71.1526,120.384,18159,5729,4952,3386,0.192375,36,16,7.46722,0.738807,118.918
531026,4184470.0,5744,4989,3,-0.0356721,0.630453,104.049,165.038,18159,5759,4936,3388,0.155787,51,16,14.7181,0.788066,167.055
531030,4184470.0,5744,4990,3,-0.0296262,0.496846,42.2147,84.9654,18159,5770,4999,3395,0.162709,20,14,6.293,0.621058,83.3065
531236,4184470.0,5744,5059,2,-0.0559171,0.611792,24.5469,40.1229,18159,5733,5051,3392,0.316799,13,5,5.60889,0.76474,39.6296
531240,4184470.0,5744,5060,2,-0.0514844,0.589086,25.3347,43.0067,18159,5733,5051,3392,0.290404,13,6,5.53544,0.736357,43.0297
531242,4184470.0,5744,5061,2,-0.0351102,0.594471,26.9041,45.2572,18159,5732,5052,3392,0.271423,15,5,3.97248,0.743089,44.0951
531246,4184470.0,5744,5062,2,-0.0349302,0.582169,27.7245,47.6227,18159,5732,5052,3392,0.259502,15,6,4.15868,0.727711,45.6923
531248,4184470.0,5744,5063,2,-0.0426094,0.5599,28.5168,50.932,18159,5732,5052,3392,0.255214,17,5,5.42546,0.699875,47.8642
531252,4184470.0,5744,5064,2,-0.0386369,0.528515,29.2271,55.3004,18159,5732,5052,3392,0.267278,18,5,5.34159,0.660644,50.7471
531254,4184470.0,5744,5065,2,-0.0354711,0.483239,39.0425,80.7933,18159,5769,5063,3345,0.286809,22,8,7.16457,0.604049,73.8546
531258,4184470.0,5744,5066,2,-0.0540927,0.511346,38.1036,74.5164,18159,5768,5064,3344,0.308958,26,3,10.077,0.639182,70.7277
531260,4184470.0,5744,5067,2,-0.0549603,0.527671,38.9281,73.7733,18159,5768,5064,3344,0.318309,27,1,10.1365,0.659589,70.9154
531264,4184470.0,5744,5068,2,-0.0418329,0.537465,38.0728,70.8377,18159,5767,5065,3344,0.32282,22,5,7.40836,0.671831,68.1435
531660,4184470.0,5744,5200,5,-0.00238782,0.407652,32.6205,80.0204,18159,5736,5175,3375,0.336762,28,4,0.477685,0.509565,80.1074
531662,4184470.0,5744,5201,5,-0.0108844,0.379332,33.1359,87.3534,18159,5736,5175,3375,0.332214,23,12,2.37698,0.474165,82.9136
531018,4184480.0,5745,4986,3,-0.0306462,0.609426,71.2088,116.846,18159,5730,4951,3386,0.261902,35,14,8.95218,0.761783,115.348
531020,4184480.0,5745,4987,3,-0.0289092,0.60778,75.9157,124.907,18159,5732,4949,3386,0.224565,38,14,9.02738,0.759725,121.473
531024,4184480.0,5745,4988,3,-0.0382532,0.66135,113.582,171.743,18159,5767,4935,3388,0.185042,49,25,16.4243,0.826687,173.87
531026,4184480.0,5745,4989,3,-0.0445651,0.496534,41.9329,84.4512,18159,5771,4998,3395,0.172358,23,11,9.40895,0.620668,84.2584
531228,4184480.0,5745,5056,2,-0.0540149,0.615938,32.7053,53.0984,18159,5735,5041,3392,0.311757,22,2,7.17026,0.769922,55.2417
531230,4184480.0,5745,5057,2,-0.0658877,0.594425,31.6304,53.2117,18159,5734,5043,3392,0.278736,20,4,8.765,0.743031,52.9028
531234,4184480.0,5745,5058,2,-0.0583657,0.579094,32.2285,55.6533,18159,5733,5044,3392,0.252045,23,2,8.12061,0.723868,54.9472
531236,4184480.0,5745,5059,2,-0.047092,0.567315,31.459,55.4523,18159,5733,5045,3392,0.235162,21,4,6.5284,0.709144,54.1145
531240,4184480.0,5745,5060,2,-0.0367363,0.545423,32.0005,58.671,18159,5733,5045,3392,0.226023,22,4,5.38839,0.681779,56.6718
531242,4184480.0,5745,5061,2,-0.0352636,0.534328,34.399,64.378,18159,5734,5043,3392,0.235018,25,3,5.6755,0.66791,64.653
531246,4184480.0,5745,5062,2,-0.0487176,0.492632,42.354,85.9749,18159,5772,5058,3345,0.247987,22,12,10.4712,0.61579,80.3427
531248,4184480.0,5745,5063,2,-0.0457367,0.506591,37.2967,73.6228,18159,5769,5063,3345,0.260326,20,7,8.41816,0.633239,70.5044
531252,4184480.0,5745,5064,2,-0.0439385,0.518702,36.0734,69.5455,18159,5768,5064,3344,0.292521,24,2,7.63931,0.648378,67.5004
531254,4184480.0,5745,5065,2,-0.0411057,0.531043,36.7671,69.2357,18159,5768,5064,3344,0.329917,22,3,7.11496,0.663803,67.542
531662,4184480.0,5745,5201,5,-0.00425011,0.393956,34.0802,86.5076,18159,5736,5175,3375,0.342232,25,9,0.919167,0.492445,83.8539
531014,4184480.0,5746,4985,3,-0.0238777,0.628964,74.2238,118.01,18159,5732,4949,3386,0.276741,36,13,7.0445,0.786204,117.602
531018,4184480.0,5746,4986,3,-0.0314952,0.649655,85.7108,131.933,18159,5738,4943,3386,0.258877,43,9,10.3881,0.812069,132.733
531020,4184480.0,5746,4987,3,-0.0429529,0.558927,67.3153,120.437,18159,5784,4984,3348,0.232307,42,6,12.9328,0.698659,112.972
531024,4184480.0,5746,4988,3,-0.0587311,0.482446,42.3031,87.6847,18159,5772,4998,3395,0.21558,24,13,12.8745,0.603057,83.6073
531224,4184480.0,5746,5055,2,-0.0579721,0.579961,34.9527,60.2672,18159,5737,5037,3392,0.294699,24,2,8.73455,0.724952,58.91
531228,4184480.0,5746,5056,2,-0.0707903,0.561914,35.8954,63.8805,18159,5737,5037,3392,0.256496,25,2,11.3053,0.702392,62.0044
531230,4184480.0,5746,5057,2,-0.068863,0.533913,36.5476,68.4524,18159,5737,5037,3392,0.248886,26,2,11.7846,0.667391,65.6243
531234,4184480.0,5746,5058,2,-0.0569172,0.53287,43.3888,81.4248,18159,5772,5052,3345,0.250739,22,9,11.5862,0.666087,78.3391
531236,4184480.0,5746,5059,2,-0.0501513,0.519959,41.7443,80.2839,18159,5772,5055,3345,0.243993,17,12,10.0659,0.649948,77.4368
531240,4184480.0,5746,5060,2,-0.0549352,0.511215,40.7085,79.6309,18159,5772,5058,3345,0.254291,19,10,10.9363,0.639018,76.8504
531662,4184480.0,5746,5201,5,-0.000881955,0.402796,34.9997,86.8919,18159,5736,5175,3375,0.346099,28,7,0.191587,0.503495,84.887
530450,4184480.0,5747,4797,5,-0.0216152,0.433187,50.4726,116.515,18159,5774,4819,3437,0.136911,25,27,6.29622,0.541484,105.34
531012,4184480.0,5747,4984,3,-0.0301264,0.666442,85.3562,128.077,18159,5739,4942,3386,0.251682,39,10,9.64629,0.833053,129.532
531014,4184480.0,5747,4985,3,-0.0216273,0.672194,101.767,151.396,18159,5760,4936,3388,0.251536,50,11,8.1857,0.840243,153.192
531018,4184480.0,5747,4986,3,-0.0259781,0.575484,66.2073,115.046,18159,5784,4984,3348,0.25616,37,7,7.47172,0.719354,109.713
531020,4184480.0,5747,4987,3,-0.0508848,0.487465,42.9922,88.1954,18159,5774,4997,3395,0.266428,23,15,11.2195,0.609332,87.8085
531222,4184480.0,5747,5054,2,-0.0455649,0.527909,34.6142,65.5685,18159,5738,5036,3392,0.325718,22,6,7.46906,0.659886,59.7896
531224,4184480.0,5747,5055,2,-0.0681293,0.512227,37.8875,73.9662,18159,5740,5034,3392,0.29587,26,5,12.5982,0.640284,67.0454
531228,4184480.0,5747,5056,2,-0.053629,0.585943,47.1394,80.4505,18159,5773,5050,3345,0.294382,25,6,10.7862,0.732429,78.9051
531230,4184480.0,5747,5057,2,-0.0278194,0.538263,40.4525,75.1537,18159,5772,5054,3345,0.316048,10,17,5.22682,0.672829,74.0744
531666,4184480.0,5747,5202,5,-0.00540172,0.382037,36.2917,94.9953,18159,5736,5175,3375,0.332346,27,12,1.28284,0.477546,88.6876
530448,4184480.0,5748,4796,5,-0.0144903,0.444222,49.7015,111.885,18159,5774,4819,3437,0.203554,25,25,4.0531,0.555277,105.045
531008,4184480.0,5748,4983,3,-0.0380412,0.690188,99.2213,143.76,18159,5759,4936,3388,0.224398,40,17,13.672,0.862735,146.074
531012,4184480.0,5748,4984,3,-0.0301072,0.697535,110.559,158.5,18159,5768,4935,3388,0.23168,46,22,11.93,0.871919,160.466
531014,4184480.0,5748,4985,3,-0.0246117,0.587454,65.1062,110.828,18159,5784,4984,3348,0.247318,35,7,6.81915,0.734317,106.569
531018,4184480.0,5748,4986,3,-0.0333106,0.51526,51.1018,99.1767,18159,5780,4994,3395,0.269726,30,11,8.2591,0.644075,97.6529
531218,4184480.0,5748,5053,2,-0.0144958,0.534619,35.5025,66.4072,18159,5740,5034,3392,0.328022,24,4,2.40655,0.668273,61.6236
531222,4184480.0,5748,5054,2,-0.0371805,0.505066,37.4767,74.2017,18159,5741,5033,3393,0.327679,27,4,6.89714,0.631333,67.3762
531224,4184480.0,5748,5055,2,-0.0546499,0.604897,46.2027,76.3811,18159,5773,5049,3345,0.325932,24,6,10.4355,0.756121,75.3836
531228,4184480.0,5748,5056,2,-0.0310136,0.559918,40.0522,71.5323,18159,5772,5053,3345,0.343645,11,15,5.54618,0.699897,70.9341
531588,4184480.0,5748,5176,1,-0.0202486,0.515103,30.0218,58.2831,18159,5753,5157,3340,0.396406,12,11,2.95037,0.643879,60.4305
531590,4184480.0,5748,5177,1,-0.0261097,0.509758,31.2446,61.2929,18159,5753,5157,3340,0.399882,13,11,4.00085,0.637197,63.3244
531594,4184480.0,5748,5178,1,-0.0376131,0.50512,32.4784,64.2984,18159,5753,5157,3340,0.391702,15,10,6.04615,0.6314,66.2342
531596,4184480.0,5748,5179,1,-0.0391451,0.499591,33.6174,67.2898,18159,5753,5157,3340,0.363312,15,11,6.58515,0.624489,69.1711
531600,4184480.0,5748,5180,1,-0.0173087,0.492826,34.6332,70.2746,18159,5753,5157,3340,0.355028,17,10,3.0409,0.616033,72.1235
531602,4184480.0,5748,5181,1,-0.0125015,0.485987,35.5948,73.2424,18159,5753,5157,3340,0.397431,18,10,2.28909,0.607484,75.1086
531666,4184480.0,5748,5202,5,-0.00623424,0.390739,37.2574,95.3512,18159,5736,5175,3375,0.330621,29,11,1.48611,0.488424,89.9033
531006,4184490.0,5749,4982,3,-0.0641131,0.716601,107.24,149.65,18159,5766,4935,3388,0.266763,39,24,23.9864,0.895752,150.862
531008,4184490.0,5749,4983,3,-0.043763,0.694658,109.755,157.998,18159,5769,4935,3388,0.24352,56,11,17.2862,0.868322,157.337
531012,4184490.0,5749,4984,3,-0.0275744,0.598352,64.0563,107.055,18159,5784,4984,3348,0.261473,36,6,7.3799,0.74794,103.507
531014,4184490.0,5749,4985,3,-0.0466052,0.59269,64.53,108.876,18159,5784,4984,3348,0.288005,32,11,12.6855,0.740863,103.518
531212,4184490.0,5749,5051,2,-0.0028847,0.568884,34.5512,60.7351,18159,5741,5033,3393,0.298558,24,1,0.438005,0.711106,60.2243
531216,4184490.0,5749,5052,2,-0.013364,0.54967,35.3926,64.3889,18159,5741,5033,3393,0.294351,26,2,2.15123,0.687087,60.6225
531218,4184490.0,5749,5053,2,-0.0288468,0.519683,37.0599,71.3125,18159,5742,5032,3393,0.299433,24,7,5.14285,0.649604,68.3065
531222,4184490.0,5749,5054,2,-0.0386572,0.616969,47.0391,76.2422,18159,5774,5048,3345,0.321549,23,7,7.36829,0.771212,75.5166
531224,4184490.0,5749,5055,2,-0.0315595,0.576971,39.4433,68.3628,18159,5772,5052,3345,0.356085,17,8,5.39375,0.721213,67.9878
531596,4184490.0,5749,5179,1,-0.0396551,0.583605,21.692,37.1689,18159,5755,5168,3377,0.375057,11,5,3.68484,0.729506,38.7694
531600,4184490.0,5749,5180,1,-0.0145281,0.573775,23.391,40.7668,18159,5756,5168,3377,0.374055,13,5,1.48067,0.717219,43.3702
531642,4184490.0,5749,5194,1,-0.0361357,0.475248,32.4869,68.3578,18159,5736,5175,3375,0.375069,28,3,6.1754,0.59406,67.6041
531666,4184490.0,5749,5202,5,-0.0126729,0.39775,38.2407,96.1423,18159,5736,5175,3375,0.309915,28,11,3.046,0.497188,91.157
530442,4184490.0,5750,4794,5,-0.0210314,0.45588,48.7598,106.958,18159,5774,4819,3437,0.00787147,25,23,5.62368,0.56985,104.966
531002,4184490.0,5750,4981,3,-0.0499179,0.733234,107.267,146.293,18159,5767,4935,3388,0.355263,40,22,18.2566,0.916542,148.441
531006,4184490.0,5750,4982,3,-0.0630555,0.714449,108.781,152.259,18159,5769,4935,3388,0.300548,55,10,24.0019,0.893062,153.864
531008,4184490.0,5750,4983,3,-0.0444535,0.606173,62.9695,103.88,18159,5784,4984,3348,0.293972,35,5,11.5446,0.757717,100.513
531012,4184490.0,5750,4984,3,-0.0423548,0.609624,63.3119,103.854,18159,5784,4984,3348,0.336657,33,8,10.9968,0.762031,100.502
531210,4184490.0,5750,5050,2,-0.020398,0.559787,33.5239,59.8869,18159,5741,5033,3393,0.306155,23,2,3.05393,0.699734,57.8598
531212,4184490.0,5750,5051,2,-0.0285674,0.551887,35.1884,63.76,18159,5742,5032,3393,0.274503,23,5,4.55364,0.689859,63.1602
531216,4184490.0,5750,5052,2,-0.0385313,0.586942,58.4059,99.5088,18159,5778,5038,3346,0.266439,25,16,9.5855,0.733678,93.2227
531218,4184490.0,5750,5053,2,-0.038654,0.61623,46.9133,76.1294,18159,5775,5047,3345,0.287589,20,10,7.35676,0.770288,75.5243
531222,4184490.0,5750,5054,2,-0.0256102,0.615556,42.2515,68.6395,18159,5773,5051,3345,0.329645,18,7,4.39468,0.769445,68.2276
531638,4184490.0,5750,5193,1,-0.0357503,0.447961,43.8781,97.9506,18159,5735,5164,3375,0.396281,28,15,8.75441,0.559951,96.0132
531642,4184490.0,5750,5194,1,-0.0319337,0.458928,34.1143,74.3348,18159,5736,5174,3375,0.36589,28,5,5.93447,0.57366,73.4469
531644,4184490.0,5750,5195,1,-0.0109104,0.460115,33.8945,73.6652,18159,5736,5175,3375,0.377946,30,3,2.00929,0.575144,73.1307
531666,4184490.0,5750,5202,5,-0.0177458,0.403284,39.0805,96.9057,18159,5736,5175,3375,0.272418,30,10,4.29918,0.504105,92.5126
530442,4184490.0,5751,4794,5,-0.0516544,0.472808,48.9273,103.483,18159,5774,4819,3437,0.0363178,26,21,13.3633,0.59101,102.866
531002,4184490.0,5751,4981,3,-0.0626815,0.726976,107.329,147.638,18159,5769,4935,3388,0.365959,51,12,23.1354,0.90872,150.08
531006,4184490.0,5751,4982,3,-0.0738303,0.610317,61.8665,101.368,18159,5784,4984,3348,0.360293,34,6,18.71,0.762897,100.779
531008,4184490.0,5751,4983,3,-0.0577859,0.617454,62.0838,100.548,18159,5784,4984,3348,0.373862,33,6,14.5256,0.771818,97.5149
531206,4184490.0,5751,5049,2,-0.01625,0.576512,33.1457,57.4934,18159,5742,5032,3393,0.320715,19,6,2.33567,0.72064,59.463
531210,4184490.0,5751,5050,2,-0.0383233,0.541717,34.5187,63.7209,18159,5743,5031,3394,0.292992,27,1,6.10499,0.677147,60.0734
531212,4184490.0,5751,5051,2,-0.0559594,0.633517,53.7504,84.8445,18159,5777,5041,3345,0.266106,22,13,11.8696,0.791896,82.6115
531216,4184490.0,5751,5052,2,-0.0456156,0.646544,49.4121,76.425,18159,5776,5045,3345,0.269803,25,6,8.71543,0.808179,76.1222
531642,4184490.0,5751,5194,1,-0.0165779,0.510904,42.8824,83.9343,18159,5758,5168,3377,0.387925,30,6,3.47864,0.63863,82.0806
531654,4184490.0,5751,5198,1,-0.0496246,0.462027,37.881,81.9888,18159,5736,5175,3375,0.390806,32,5,10.1716,0.577534,84.2306
531666,4184490.0,5751,5202,5,-0.0109353,0.407652,39.741,97.4876,18159,5736,5175,3375,0.222084,33,8,2.66514,0.509565,93.9579
531668,4184490.0,5751,5203,5,-0.0415783,0.386525,40.1581,103.895,18159,5736,5175,3375,0.216972,27,15,10.7995,0.483156,96.4925
530438,4184500.0,5752,4793,5,-0.099622,0.442794,74.7749,168.871,18159,5791,4819,3437,0.13103,31,43,42.0581,0.553492,141.248
530442,4184500.0,5752,4794,5,-0.074019,0.48867,50.2519,102.834,18159,5775,4819,3437,0.112785,22,25,19.0291,0.610838,103.898
531000,4184500.0,5752,4980,3,-0.0462727,0.735447,105.694,143.714,18159,5769,4935,3388,0.39137,50,11,16.6251,0.919309,146.091
531192,4184500.0,5752,5044,2,-0.0326883,0.634951,30.8062,48.5174,18159,5743,5030,3394,0.325331,20,2,3.96488,0.793688,47.9993
531194,4184500.0,5752,5045,2,-0.0459773,0.590959,29.764,50.3657,18159,5743,5031,3394,0.336547,21,1,5.7892,0.738699,49.6368
531198,4184500.0,5752,5046,2,-0.0517172,0.581791,30.7608,52.8726,18159,5743,5031,3394,0.326967,22,1,6.83606,0.727239,51.835
531200,4184500.0,5752,5047,2,-0.0437787,0.566754,31.7794,56.0727,18159,5743,5031,3394,0.303895,23,1,6.13697,0.708442,54.6249
531204,4184500.0,5752,5048,2,-0.0171683,0.568894,34.5577,60.7454,18159,5743,5030,3394,0.279213,24,2,2.60724,0.711117,58.6315
531206,4184500.0,5752,5049,2,-0.0216714,0.617388,55.5709,90.0097,18159,5778,5037,3346,0.276907,23,14,4.8766,0.771735,84.2362
531210,4184500.0,5752,5050,2,-0.0504933,0.665179,52.5823,79.0498,18159,5777,5041,3345,0.282804,22,11,9.97872,0.831474,77.8866
531212,4184500.0,5752,5051,2,-0.0516335,0.673145,49.3747,73.3492,18159,5776,5044,3345,0.286424,22,8,9.46819,0.841432,73.193
531654,4184500.0,5752,5198,1,-0.052585,0.456539,40.6754,89.0951,18159,5736,5173,3375,0.361195,33,7,11.7127,0.570674,87.8536
531656,4184500.0,5752,5199,1,-0.053132,0.458741,39.3532,85.7852,18159,5736,5175,3375,0.268877,36,3,11.3948,0.573427,88.5171
531668,4184500.0,5752,5203,5,-0.0280372,0.394776,40.5507,102.718,18159,5736,5175,3375,0.169268,33,10,7.19981,0.493471,98.0043
530436,4184500.0,5753,4792,5,-0.0655417,0.440409,78.0661,177.258,18159,5792,4820,3437,0.238608,28,50,29.0445,0.550512,144.159
530438,4184500.0,5753,4793,5,-0.0814907,0.496275,69.9825,141.016,18159,5788,4819,3437,0.222678,32,28,28.7287,0.620344,130.586
530442,4184500.0,5753,4794,1,-0.0587054,0.490095,51.2322,104.535,18159,5776,4819,3437,0.213833,25,22,15.3419,0.612619,102.49
530996,4184500.0,5753,4979,3,-0.047563,0.742534,103.98,140.033,18159,5769,4935,3388,0.39464,50,9,16.651,0.928168,142.063
531000,4184500.0,5753,4980,3,-0.0591485,0.707415,106.207,150.134,18159,5771,4935,3388,0.378673,52,10,22.2005,0.884269,147.332
531180,4184500.0,5753,5040,2,-0.041199,0.660034,36.6299,55.4969,18159,5746,5023,3394,0.362931,17,6,5.71605,0.825043,54.891
531182,4184500.0,5753,5041,2,-0.055012,0.64724,37.7411,58.3109,18159,5746,5023,3394,0.320493,18,6,8.0195,0.80905,57.5315
531186,4184500.0,5753,5042,2,-0.0431922,0.61966,38.5737,62.2498,18159,5746,5023,3394,0.285279,21,4,6.72177,0.774575,61.2157
531188,4184500.0,5753,5043,2,-0.0318681,0.614036,40.3166,65.6584,18159,5747,5022,3394,0.279373,20,6,5.23102,0.767545,66.7082
531192,4184500.0,5753,5044,2,-0.0331753,0.601555,41.2257,68.5319,18159,5747,5022,3394,0.301282,22,5,5.68391,0.751944,69.875
531194,4184500.0,5753,5045,2,-0.0264208,0.60652,52.4057,86.4038,18159,5778,5035,3346,0.330121,27,7,5.70715,0.75815,79.6534
531198,4184500.0,5753,5046,2,-0.0409459,0.64089,52.7843,82.3609,18159,5778,5037,3346,0.337168,22,11,8.43086,0.801113,78.5615
531200,4184500.0,5753,5047,2,-0.0690661,0.659692,53.7041,81.4078,18159,5778,5038,3346,0.317731,18,15,14.0563,0.824615,78.667
531204,4184500.0,5753,5048,2,-0.0595118,0.669544,51.5423,76.9812,18159,5777,5039,3346,0.277534,19,13,11.4532,0.83693,75.387
531206,4184500.0,5753,5049,2,-0.0419024,0.686685,51.3445,74.7716,18159,5777,5041,3345,0.263018,20,11,7.83276,0.858356,74.075
531210,4184500.0,5753,5050,2,-0.0347627,0.685415,48.1444,70.2412,18159,5776,5044,3345,0.296262,18,10,6.10443,0.856769,70.1403
531552,4184500.0,5753,5164,1,-0.0527557,0.671551,3.32156,4.94611,18159,5754,5162,3377,0.237689,2,0,0.652339,0.839439,4.8826
531654,4184500.0,5753,5198,1,-0.0557985,0.512589,48.4545,94.5289,18159,5758,5168,3377,0.353885,35,7,13.1864,0.640736,92.6293
531656,4184500.0,5753,5199,1,-0.0576622,0.492186,49.3489,100.265,18159,5758,5168,3377,0.238875,37,6,14.4537,0.615233,95.5938
531660,4184500.0,5753,5200,1,-0.02601,0.445337,40.0253,89.8765,18159,5736,5175,3375,0.15692,38,3,5.84422,0.556671,92.7315
531672,4184500.0,5753,5204,5,-0.0327612,0.380823,41.219,108.237,18159,5736,5175,3375,0.0895177,30,15,8.86489,0.476029,102.064
530430,4184500.0,5754,4790,5,-0.0129678,0.259474,68.7741,265.052,18159,5814,4796,3454,0.154184,24,93,8.59284,0.324342,180.696
530432,4184500.0,5754,4791,5,-0.0138964,0.439594,77.7022,176.759,18159,5793,4820,3437,0.198691,30,47,6.14078,0.549492,146.532
530436,4184500.0,5754,4792,5,-0.0185183,0.473139,72.3161,152.843,18159,5790,4819,3437,0.247955,26,40,7.07599,0.591424,135.805
530438,4184500.0,5754,4793,1,-0.0201826,0.504477,68.9519,136.68,18159,5788,4819,3437,0.270671,32,27,6.89639,0.630596,128.879
530996,4184500.0,5754,4979,3,-0.0610108,0.736827,103.895,141.003,18159,5770,4935,3388,0.371853,42,17,21.5068,0.921033,142.263
531000,4184500.0,5754,4980,3,-0.0529565,0.634379,57.6635,90.8975,18159,5784,4984,3348,0.375901,37,2,12.034,0.792974,92.4905
531176,4184500.0,5754,5039,2,-0.0574276,0.65078,38.4768,59.1241,18159,5749,5020,3394,0.389951,15,8,8.4884,0.813476,60.195
531180,4184500.0,5754,5040,2,-0.0665434,0.62667,40.7392,65.009,18159,5750,5019,3394,0.348117,26,0,10.8148,0.783338,65.7992
531182,4184500.0,5754,5041,2,-0.0679195,0.61697,52.7856,85.5563,18159,5779,5031,3346,0.316368,27,7,14.5273,0.771212,79.5746
531186,4184500.0,5754,5042,2,-0.053675,0.65249,49.6167,76.0421,18159,5778,5035,3346,0.300425,22,8,10.2039,0.815612,73.5998
531188,4184500.0,5754,5043,2,-0.0527275,0.668025,50.0245,74.8842,18159,5778,5036,3346,0.302052,19,11,9.87115,0.835031,73.3863
531192,4184500.0,5754,5044,2,-0.037093,0.675473,50.5228,74.7962,18159,5778,5037,3346,0.3288,16,14,6.93604,0.844341,73.5809
531194,4184500.0,5754,5045,2,-0.0338846,0.681489,51.1028,74.987,18159,5778,5038,3346,0.36145,14,16,6.35227,0.851861,73.9616
531552,4184500.0,5754,5164,1,-0.0869998,0.498458,2.23257,4.47896,18159,5755,5163,3377,0.338693,1,0,0.974171,0.623073,4.4623
531554,4184500.0,5754,5165,1,-0.0281346,0.442454,2.02823,4.58405,18159,5754,5163,3377,0.228223,1,0,0.322426,0.553067,7.52052
531654,4184500.0,5754,5198,1,-0.0545624,0.528968,48.7958,92.2472,18159,5758,5168,3377,0.350551,34,7,12.5831,0.66121,92.2099
531656,4184500.0,5754,5199,1,-0.0608694,0.516832,49.6876,96.1387,18159,5758,5168,3377,0.218567,37,5,14.6298,0.64604,95.1875
531660,4184500.0,5754,5200,1,-0.0271304,0.48418,49.8672,102.993,18159,5758,5168,3377,0.133028,36,11,6.98561,0.605225,98.1665
531662,4184500.0,5754,5201,1,-0.00275622,0.428523,40.4781,94.4597,18159,5736,5175,3375,0.113944,38,5,0.650878,0.535654,96.8046
531672,4184500.0,5754,5204,5,-0.0201172,0.391122,41.3476,105.715,18159,5736,5175,3375,0.0553023,38,8,5.31675,0.488902,103.739
530426,4184500.0,5755,4789,5,-0.0160288,0.279223,53.7064,192.342,18159,5803,4791,3454,0.134388,24,63,7.70753,0.349029,143.032
530430,4184500.0,5755,4790,5,-0.00824834,0.330612,53.911,163.064,18159,5803,4791,3454,0.144457,24,46,3.36253,0.413265,144.956
530982,4184500.0,5755,4974,3,-0.00892446,0.787652,97.0562,123.222,18159,5769,4935,3388,0.330557,43,9,2.74923,0.984565,126.138
530994,4184500.0,5755,4978,3,-0.0376003,0.74748,102.109,136.604,18159,5770,4935,3388,0.392238,40,17,12.8409,0.934351,138.459
530996,4184500.0,5755,4979,3,-0.0517684,0.718961,103.706,144.245,18159,5771,4935,3388,0.351101,48,11,18.6683,0.898702,142.121
531164,4184500.0,5755,5035,2,-0.0375001,0.694701,34.5135,49.6811,18159,5750,5019,3394,0.398874,19,1,4.65761,0.868376,51.5814
531168,4184500.0,5755,5036,2,-0.0273029,0.678051,35.6637,52.5973,18159,5750,5019,3394,0.398107,21,0,3.59015,0.847564,54.7973
531180,4184500.0,5755,5040,2,-0.0750573,0.669835,47.9125,71.5288,18159,5778,5034,3346,0.39735,22,6,13.4219,0.837294,69.64
531182,4184500.0,5755,5041,2,-0.0554504,0.683882,48.263,70.5721,18159,5778,5035,3346,0.390819,20,8,9.78313,0.854853,69.577
531554,4184500.0,5755,5165,1,-0.0769617,0.615638,2.84473,4.62078,18159,5755,5163,3377,0.252355,1,0,0.889058,0.769547,7.55235
531656,4184500.0,5755,5199,1,-0.0595709,0.529737,49.8868,94.1729,18159,5758,5168,3377,0.20584,36,7,14.0249,0.662171,94.8744
531660,4184500.0,5755,5200,1,-0.0282612,0.509006,50.119,98.4644,18159,5758,5168,3377,0.115576,37,7,6.95682,0.636258,97.8629
531662,4184500.0,5755,5201,1,-0.00616438,0.475754,50.2424,105.606,18159,5758,5168,3377,0.0949815,36,11,1.62749,0.594692,100.852
531666,4184500.0,5755,5202,1,-0.00746779,0.416849,41.0114,98.3844,18159,5736,5175,3375,0.0913999,39,6,1.83679,0.521061,97.3
531672,4184500.0,5755,5204,5,-0.0134373,0.390563,41.4008,106.003,18159,5736,5175,3375,0.034779,36,11,3.56099,0.488204,105.434
530426,4184510.0,5756,4789,5,-0.00371661,0.312797,53.34,170.526,18159,5803,4791,3454,0.138366,22,54,1.58445,0.390996,141.391
530430,4184510.0,5756,4790,5,-0.000385077,0.457634,75.6951,165.405,18159,5792,4820,3437,0.140274,27,44,0.159235,0.572043,140.996
530982,4184510.0,5756,4974,3,-0.0322683,0.784955,96.7643,123.274,18159,5769,4935,3388,0.385253,42,9,9.94457,0.981194,124.651
530984,4184510.0,5756,4975,3,-0.01692,0.772951,97.7281,126.435,18159,5769,4935,3388,0.37671,38,14,5.34819,0.966189,127.351
530988,4184510.0,5756,4976,3,-0.0200397,0.763057,98.807,129.488,18159,5769,4935,3388,0.375209,37,16,6.48729,0.953821,130.084
530990,4184510.0,5756,4977,3,-0.0300319,0.757693,100.564,132.724,18159,5770,4935,3388,0.376754,40,15,9.96488,0.947116,134.534
530994,4184510.0,5756,4978,3,-0.0368603,0.739271,101.381,137.136,18159,5770,4935,3388,0.365001,46,10,12.6372,0.924089,137.043
531162,4184510.0,5756,5034,2,-0.0443517,0.678808,36.0984,53.1791,18159,5751,5017,3394,0.394456,20,1,5.89646,0.84851,54.4026
531164,4184510.0,5756,5035,2,-0.0301307,0.65222,37.0703,56.837,18159,5751,5017,3394,0.37451,19,5,4.28134,0.815275,57.8584
531168,4184510.0,5756,5036,2,-0.0227656,0.559634,39.7081,70.9537,18159,5752,5015,3394,0.379315,22,8,4.03826,0.699543,62.7004
531660,4184510.0,5756,5200,1,-0.0256271,0.521528,50.267,96.3841,18159,5758,5168,3377,0.107083,36,7,6.17511,0.65191,97.6505
531662,4184510.0,5756,5201,1,-0.0112475,0.500947,50.414,100.637,18159,5758,5168,3377,0.0798228,37,9,2.8298,0.626184,100.646
531666,4184510.0,5756,5202,1,-0.00699811,0.476776,50.6644,106.265,18159,5758,5168,3377,0.0743536,37,10,1.85913,0.59597,103.642
531668,4184510.0,5756,5203,1,-0.0188051,0.443154,50.861,114.771,18159,5758,5168,3377,0.0565557,40,12,5.39568,0.553942,106.638
531672,4184510.0,5756,5204,5,-0.014602,0.387651,41.4612,106.955,18159,5736,5175,3375,0.020368,33,15,3.90439,0.484564,107.241
530426,4184510.0,5757,4789,5,-0.00138814,0.365151,52.8774,144.81,18159,5803,4792,3454,0.135014,25,33,0.50254,0.456439,136.836
530430,4184510.0,5757,4790,1,-0.00830213,0.459821,70.9962,154.4,18159,5791,4819,3437,0.13792,28,38,3.20461,0.574776,134.097
530432,4184510.0,5757,4791,1,-0.0114363,0.492559,70.514,143.158,18159,5790,4819,3437,0.143386,26,36,4.093,0.615699,130.747
531162,4184510.0,5757,5034,2,-0.0469221,0.582076,35.7957,61.4967,18159,5752,5016,3394,0.383307,20,6,7.21389,0.727595,55.7671
531164,4184510.0,5757,5035,2,-0.0328293,0.636127,44.9914,70.727,18159,5779,5028,3346,0.372175,23,5,5.8048,0.795159,68.0236
531662,4184510.0,5757,5201,1,-0.0107102,0.511447,50.4846,98.7093,18159,5758,5168,3377,0.0716163,39,8,2.643,0.639309,100.529
531666,4184510.0,5757,5202,1,-0.0033933,0.49699,50.6803,101.975,18159,5758,5168,3377,0.0681152,34,10,0.865075,0.621237,103.528
531668,4184510.0,5757,5203,1,-0.0203469,0.483241,50.9043,105.339,18159,5758,5168,3377,0.0478754,34,11,5.35831,0.604051,106.527
531672,4184510.0,5757,5204,5,-0.0246104,0.428905,51.0963,119.132,18159,5758,5168,3377,0.00720526,40,14,7.32971,0.536131,109.527
530420,4184510.0,5758,4787,5,-0.00624766,0.314917,52.2757,165.998,18159,5803,4791,3454,0.125656,19,55,2.59275,0.393646,135.584
530424,4184510.0,5758,4788,5,-0.00196817,0.329674,52.4304,159.037,18159,5803,4791,3454,0.119196,27,44,0.782531,0.412092,135.957
530426,4184510.0,5758,4789,1,-0.00478736,0.471813,74.7905,158.517,18159,5792,4820,3437,0.12759,27,41,1.8972,0.589767,138.558
530430,4184510.0,5758,4790,1,-0.0109809,0.480527,70.6233,146.97,18159,5791,4819,3437,0.140632,30,33,4.03466,0.600659,132.976
531156,4184510.0,5758,5032,2,-0.046733,0.603087,33.1558,54.9769,18159,5752,5016,3394,0.399071,17,6,6.42308,0.753859,50.9923
530418,4184520.0,5759,4786,5,-6.11579e-05,0.318819,51.6686,162.062,18159,5803,4791,3454,0.14589,19,53,0.0247784,0.398524,132.912
530420,4184520.0,5759,4787,5,-0.0135839,0.329342,52.0186,157.947,18159,5803,4791,3454,0.125215,24,45,5.36386,0.411677,133.03
530424,4184520.0,5759,4788,1,-0.0175891,0.469638,79.9477,170.233,18159,5796,4821,3437,0.120582,46,29,7.48558,0.587047,149.569
530426,4184520.0,5759,4789,1,-0.0121618,0.488779,74.4697,152.358,18159,5792,4820,3437,0.130976,28,39,4.6324,0.610974,137.188
531668,4184520.0,5759,5203,4,-0.0171201,0.469231,50.7986,108.259,18159,5758,5168,3377,0.0491184,35,10,4.63353,0.586539,106.56
530414,4184520.0,5760,4785,5,-0.00621998,0.323814,51.021,157.563,18159,5803,4791,3454,0.15873,19,51,2.45009,0.404767,130.373
530418,4184520.0,5760,4786,5,-0.011751,0.332125,51.4294,154.85,18159,5803,4791,3454,0.153521,21,48,4.5491,0.415156,130.281
530420,4184520.0,5760,4787,1,-0.0218618,0.386118,51.7304,133.976,18159,5803,4791,3454,0.136267,16,38,7.32236,0.482647,127.937
530424,4184520.0,5760,4788,1,-0.0216719,0.484195,74.035,152.903,18159,5792,4820,3437,0.132934,27,40,8.28426,0.605244,136.163
530426,4184520.0,5760,4789,1,-0.00849261,0.478922,69.7162,145.569,18159,5791,4819,3437,0.14249,28,34,3.09065,0.598652,129.432
531140,4184520.0,5760,5027,2,-0.0526417,0.619007,29.177,47.1352,18159,5753,5013,3394,0.394194,20,0,6.20319,0.773759,45.5686
531144,4184520.0,5760,5028,2,-0.0610897,0.58753,30.8938,52.5826,18159,5754,5012,3394,0.376619,20,1,8.03064,0.734412,52.1873
531146,4184520.0,5760,5029,2,-0.0461362,0.607677,45.3746,74.6689,18159,5781,5017,3346,0.398499,28,4,8.61234,0.759596,71.7046
531666,4184520.0,5760,5202,4,-0.0025783,0.470644,50.5638,107.436,18159,5758,5168,3377,0.0584894,33,10,0.692503,0.588305,103.712
531668,4184520.0,5760,5203,4,-0.0126373,0.424674,50.1683,118.134,18159,5776,5169,3374,0.0573057,27,26,3.73224,0.530842,113.838
530414,4184520.0,5761,4785,5,-0.0035526,0.335227,50.6315,151.037,18159,5803,4791,3454,0.173321,22,45,1.34143,0.419033,127.703
530418,4184520.0,5761,4786,1,-0.0196867,0.355556,51.0818,143.667,18159,5803,4791,3454,0.16722,25,37,7.07084,0.444444,127.879
530420,4184520.0,5761,4787,1,-0.0282795,0.377844,53.7493,142.252,18159,5805,4794,3454,0.157302,35,23,10.0571,0.472306,132.708
530424,4184520.0,5761,4788,1,-0.00773043,0.492409,73.5486,149.365,18159,5792,4820,3437,0.145261,27,39,2.88664,0.615511,134.205
531138,4184520.0,5761,5026,2,-0.0678378,0.584898,30.3828,51.9454,18159,5755,5010,3394,0.395674,18,3,8.80966,0.731123,49.8269
531140,4184520.0,5761,5027,2,-0.0660962,0.627172,47.5705,75.8492,18159,5782,5013,3346,0.372941,32,2,12.5334,0.783965,74.1942
531144,4184520.0,5761,5028,2,-0.0518834,0.659716,39.8241,60.3656,18159,5780,5021,3346,0.374029,19,6,7.82993,0.824644,59.2525
531666,4184520.0,5761,5202,4,-0.00121156,0.443704,49.8674,112.389,18159,5776,5169,3374,0.0632983,25,26,0.340413,0.554631,109.871
531668,4184520.0,5761,5203,4,-0.0101077,0.404705,49.0944,121.309,18159,5777,5170,3374,0.0659948,33,21,3.0654,0.505881,110.165
530414,4184530.0,5762,4785,1,-0.00185081,0.352289,50.2286,142.578,18159,5803,4791,3454,0.172967,25,37,0.659712,0.440361,125.189
530418,4184530.0,5762,4786,1,-0.0126459,0.401067,50.5794,126.112,18159,5803,4791,3454,0.176374,23,32,3.987,0.501334,122.277
530420,4184530.0,5762,4787,1,-0.0175978,0.492309,73.8221,149.951,18159,5793,4820,3437,0.168689,30,35,6.59699,0.615387,136.645
530424,4184530.0,5762,4788,1,-0.00163072,0.502381,73.0738,145.455,18159,5792,4820,3437,0.146557,27,36,0.592989,0.627976,132.393
531666,4184530.0,5762,5202,4,-0.00800407,0.429128,48.8535,113.844,18159,5777,5170,3374,0.0676897,31,19,2.27803,0.53641,106.189
530412,4184530.0,5763,4784,1,-0.00159192,0.353969,49.6077,140.147,18159,5803,4791,3454,0.148269,26,36,0.557756,0.442461,122.608
530414,4184530.0,5763,4785,1,-0.00599686,0.404375,49.8695,123.325,18159,5803,4791,3454,0.157969,19,30,1.8489,0.505469,119.649
530418,4184530.0,5763,4786,1,-0.0040722,0.389221,50.507,129.765,18159,5804,4794,3454,0.180957,34,20,1.32107,0.486526,124.074
530420,4184530.0,5763,4787,1,-0.0072124,0.50383,72.4674,143.833,18159,5792,4820,3437,0.182172,28,35,2.59345,0.629788,132.201
531666,4184530.0,5763,5202,4,-0.0173534,0.42701,48.6835,114.01,18159,5777,5170,3374,0.0789316,32,19,4.94615,0.533763,104.996
530412,4184530.0,5764,4784,1,-0.0077372,0.383488,49.2791,128.502,18159,5803,4791,3454,0.139832,25,30,2.48562,0.47936,120.102
530414,4184530.0,5764,4785,1,-0.003022,0.415043,49.4565,119.16,18159,5803,4791,3454,0.154143,21,29,0.900253,0.518803,116.71
531666,4184530.0,5764,5202,4,-0.0202319,0.423292,48.4167,114.381,18159,5777,5170,3374,0.0968841,34,16,5.78537,0.529115,103.875
530412,4184540.0,5765,4784,1,-0.00931945,0.419992,48.9023,116.436,18159,5803,4791,3454,0.135119,17,33,2.7128,0.52499,114.19
530414,4184540.0,5765,4785,1,-0.00251823,0.407589,48.3097,118.526,18159,5803,4793,3454,0.15375,21,26,0.746188,0.509486,114.999
531662,4184540.0,5765,5201,4,-0.0257868,0.449292,47.9904,106.813,18159,5777,5170,3374,0.139557,30,18,6.88592,0.561615,100.009
531666,4184540.0,5765,5202,4,-0.0190675,0.411367,48.0908,116.905,18159,5777,5170,3374,0.120177,45,10,5.5727,0.514209,102.83
530396,4184540.0,5766,4779,5,-0.00676641,0.309265,48.644,157.289,18159,5804,4791,3454,0.107558,17,52,2.66071,0.386581,121.169
530400,4184540.0,5766,4780,5,-0.00198957,0.362436,47.7549,131.761,18159,5803,4791,3454,0.110462,21,36,0.655367,0.453045,116.323
530408,4184540.0,5766,4783,1,-0.00408018,0.403926,48.3462,119.691,18159,5803,4791,3454,0.13045,24,26,1.2209,0.504907,114.934
530412,4184540.0,5766,4784,1,-0.00908267,0.429863,48.5032,112.834,18159,5803,4791,3454,0.134991,17,26,2.56209,0.537329,111.27
530414,4184540.0,5766,4785,1,-0.00933685,0.408866,48.9935,119.828,18159,5804,4794,3454,0.150049,30,18,2.79703,0.511083,115.516
531662,4184540.0,5766,5201,4,-0.0365021,0.44859,47.5744,106.053,18159,5777,5170,3374,0.172713,31,16,9.6779,0.560738,99.0144
531666,4184540.0,5766,5202,4,-0.0209987,0.336671,43.3307,128.703,18159,5788,5172,3339,0.140894,38,19,6.7565,0.420839,113.08
530394,4184540.0,5767,4778,5,-0.00819214,0.253617,50.3746,198.625,18159,5823,4754,3457,0.0934086,18,69,4.0679,0.317022,181.923
530412,4184540.0,5767,4784,1,-0.0121165,0.438644,48.1407,109.749,18159,5803,4791,3454,0.135273,23,25,3.32444,0.548305,108.319
530414,4184540.0,5767,4785,1,-0.0136754,0.415624,48.5269,116.757,18159,5804,4794,3454,0.150752,30,17,3.99174,0.51953,112.54
531662,4184540.0,5767,5201,4,-0.0486654,0.447218,47.1873,105.513,18159,5777,5170,3374,0.222462,35,13,12.8371,0.559023,98.1012
530408,4184540.0,5768,4783,1,-0.00687978,0.445635,47.6429,106.91,18159,5803,4791,3454,0.114417,19,23,1.8388,0.557044,105.93
530412,4184540.0,5768,4784,1,-0.0123138,0.44731,47.7483,106.745,18159,5803,4791,3454,0.137245,23,24,3.2861,0.559138,105.37
531662,4184540.0,5768,5201,4,-0.0459462,0.437458,46.549,106.408,18159,5777,5170,3374,0.267885,41,8,12.2226,0.546822,97.272
530388,4184550.0,5769,4776,5,-0.00300048,0.272686,58.3626,214.028,18159,5832,4755,3457,0.106334,17,72,1.60547,0.340858,200.409
530408,4184550.0,5769,4783,1,-0.0118006,0.4557,47.3541,103.915,18159,5803,4791,3454,0.114354,14,27,3.06564,0.569625,103.004
530412,4184550.0,5769,4784,1,-0.00316921,0.455927,47.2872,103.717,18159,5803,4791,3454,0.142442,23,23,0.82175,0.569908,102.425
531662,4184550.0,5769,5201,4,-0.0240122,0.408822,45.6905,111.761,18159,5777,5170,3374,0.292353,37,9,6.70909,0.511028,96.3595
530384,4184550.0,5770,4775,5,-0.0105339,0.300337,47.2491,157.32,18159,5805,4791,3454,0.126211,13,55,4.14299,0.375422,117.043
530408,4184550.0,5770,4783,1,-0.00197663,0.465634,46.9659,100.864,18159,5803,4791,3454,0.106154,18,22,0.49843,0.582042,100.076
530378,4184550.0,5771,4773,5,-0.0098237,0.273136,48.1456,176.269,18159,5823,4754,3457,0.158029,25,51,4.32904,0.341421,165.022
530382,4184550.0,5771,4774,5,-0.0162061,0.328539,46.3606,141.111,18159,5804,4791,3454,0.163134,20,41,5.71717,0.410674,112.483
530408,4184550.0,5771,4783,1,-0.0178169,0.476347,46.6396,97.9111,18159,5803,4791,3454,0.110822,19,20,4.36118,0.595433,97.1461
530412,4184550.0,5771,4784,1,-0.00742271,0.475541,46.4665,97.7127,18159,5803,4791,3454,0.124337,16,22,1.81323,0.594427,96.5338
530414,4184550.0,5771,4785,1,-0.00103038,0.47399,46.3095,97.7015,18159,5803,4791,3454,0.135275,22,19,0.251674,0.592487,95.9756
530418,4184550.0,5771,4786,1,-0.00885376,0.452734,50.5932,111.75,18159,5806,4795,3454,0.149197,34,11,2.47353,0.565917,106.834
530376,4184560.0,5772,4772,5,-0.00282595,0.304257,64.249,211.167,18159,5819,4799,3454,0.153314,22,69,1.49187,0.380321,163.825
530378,4184560.0,5772,4773,5,-0.0035468,0.333652,45.6046,136.683,18159,5804,4791,3454,0.166416,20,39,1.21197,0.417065,111.324
530412,4184560.0,5772,4784,1,-0.017796,0.488525,46.3115,94.7985,18159,5803,4791,3454,0.149031,16,23,4.21758,0.610657,93.5704
530414,4184560.0,5772,4785,1,-0.00917864,0.489054,46.065,94.192,18159,5803,4791,3454,0.161196,23,19,2.16139,0.611318,93.0232
530418,4184560.0,5772,4786,1,-0.0249556,0.478628,45.7473,95.5801,18159,5803,4792,3454,0.187137,25,13,5.96314,0.598285,93.1583
530420,4184560.0,5772,4787,1,-0.0250223,0.576217,72.6001,125.994,18159,5795,4821,3437,0.225627,43,13,7.88167,0.720272,124.031
530372,4184560.0,5773,4771,5,-0.00938979,0.303959,64.7719,213.094,18159,5820,4800,3454,0.161329,24,67,5.00227,0.379949,166.649
530376,4184560.0,5773,4772,5,-0.0106624,0.326272,44.9037,137.626,18159,5804,4791,3454,0.155517,17,42,3.66857,0.40784,109.416
530414,4184560.0,5773,4785,1,-0.0239888,0.499415,45.4759,91.0582,18159,5803,4791,3454,0.202595,17,18,5.46094,0.624269,90.074
530418,4184560.0,5773,4786,1,-0.033948,0.497271,45.3235,91.1446,18159,5803,4791,3454,0.232801,22,14,7.73543,0.621589,89.5641
530420,4184560.0,5773,4787,1,-0.0286792,0.463279,45.3547,97.8994,18159,5804,4794,3454,0.262616,34,7,7.01919,0.579099,94.0248
530424,4184560.0,5773,4788,1,-0.00307167,0.588471,68.0932,115.712,18159,5794,4820,3437,0.276014,32,20,0.888574,0.735589,116.751
530370,4184560.0,5774,4770,5,-0.00012715,0.293984,46.0107,156.508,18159,5823,4754,3457,0.1844,23,41,0.04975,0.36748,152.75
530372,4184560.0,5774,4771,5,-0.0125381,0.321622,44.6324,138.773,18159,5805,4791,3454,0.17652,14,46,4.34988,0.402027,112.547
530418,4184560.0,5774,4786,1,-0.0152252,0.508485,44.5576,87.6282,18159,5803,4791,3454,0.273033,23,16,3.33539,0.635607,86.601
530420,4184560.0,5774,4787,1,-0.015714,0.498201,44.069,88.4563,18159,5803,4792,3454,0.288371,26,9,3.475,0.622751,86.5592
530424,4184560.0,5774,4788,1,-0.0121512,0.607309,129.972,214.012,18159,5831,4830,3355,0.275297,95,3,6.50127,0.759136,213.792
530420,4184560.0,5775,4787,1,-0.00277265,0.512814,43.3521,84.5377,18159,5803,4791,3454,0.293634,19,12,0.585984,0.641017,83.1994
530424,4184560.0,5775,4788,1,-0.0196809,0.489745,42.42,86.6164,18159,5803,4793,3454,0.269751,18,16,4.26172,0.612181,83.9474
530424,4184570.0,5776,4788,1,-0.0210763,0.516294,42.2548,81.8425,18159,5803,4792,3454,0.281817,25,7,4.31234,0.645367,80.1904
530364,4184570.0,5777,4768,5,-0.000313162,0.325656,57.3337,176.056,18159,5815,4797,3454,0.136548,27,49,0.137835,0.407071,143.183
530420,4184570.0,5777,4787,1,-0.000263848,0.534837,41.6812,77.9326,18159,5803,4791,3454,0.312976,21,12,0.051406,0.668546,77.2537
530424,4184570.0,5777,4788,1,-0.0261164,0.531242,41.5618,78.2352,18159,5803,4791,3454,0.328818,20,10,5.10805,0.664052,77.0223
530426,4184570.0,5777,4789,1,-0.0480472,0.508646,40.5847,79.7897,18159,5803,4793,3454,0.344322,15,16,9.58417,0.635808,77.4774
530360,4184570.0,5778,4767,5,-0.0078762,0.317894,61.8643,194.607,18159,5820,4800,3454,0.142066,25,57,3.8319,0.397368,160.534
530420,4184570.0,5778,4787,1,-0.00937166,0.544705,40.7881,74.8811,18159,5803,4791,3454,0.353035,17,11,1.7544,0.680882,74.2831
530424,4184570.0,5778,4788,1,-0.0177313,0.541688,40.5902,74.9328,18159,5803,4791,3454,0.374337,20,9,3.32165,0.67711,73.909
530426,4184570.0,5778,4789,1,-0.0149753,0.527611,39.9751,75.7662,18159,5803,4792,3454,0.392267,22,7,2.83656,0.659514,74.0822
530430,4184570.0,5778,4790,1,-0.00828943,0.495973,39.987,80.6234,18159,5804,4794,3454,0.379413,25,8,1.67081,0.619966,77.6775
530358,4184580.0,5779,4766,5,-0.0133236,0.292047,43.0401,147.374,18159,5823,4754,3457,0.169207,17,46,4.90888,0.365059,135.733
530358,4184580.0,5780,4766,5,-0.00249466,0.33549,57.6391,171.806,18159,5816,4798,3454,0.174055,16,57,1.07149,0.419363,144.497
530430,4184580.0,5780,4790,1,-0.011245,0.538597,37.4819,69.5918,18159,5803,4792,3454,0.364329,21,5,1.95639,0.673246,67.875
530432,4184580.0,5780,4791,1,-0.0271061,0.499291,37.5517,75.21,18159,5804,4794,3454,0.385979,21,9,5.09663,0.624114,72.7378
531584,4184580.0,5780,5175,1,-0.0214924,0.306675,2.6618,8.67956,18159,5779,5172,3374,0.1317,1,2,0.466362,0.383344,10.9496
530426,4184580.0,5781,4789,1,-0.0160905,0.565509,36.9513,65.3416,18159,5803,4791,3454,0.371731,20,7,2.62844,0.706887,64.6758
530430,4184580.0,5781,4790,1,-0.0242975,0.55308,36.4761,65.951,18159,5803,4792,3454,0.380566,21,4,4.0061,0.69135,64.7294
531582,4184580.0,5781,5174,1,-0.0760932,0.460354,4.89038,10.6231,18159,5781,5170,3339,0.280555,3,0,2.02086,0.575443,13.5258
531584,4184580.0,5781,5175,1,-0.0399416,0.399661,5.55865,13.9084,18159,5780,5170,3339,0.156817,5,0,1.38881,0.499576,17.0621
531642,4184580.0,5781,5194,4,-0.00859994,0.30626,23.5223,76.8051,18159,5788,5172,3339,0.305727,15,19,1.6513,0.382825,70.8315
530354,4184590.0,5782,4765,5,-0.0010583,0.341864,56.6444,165.693,18159,5817,4798,3454,0.127647,16,53,0.43838,0.42733,146.259
530438,4184590.0,5782,4793,1,-0.00172016,0.495422,39.9941,80.7274,18159,5807,4796,3454,0.396541,25,8,0.347159,0.619278,74.3611
531584,4184590.0,5782,5175,1,-0.055133,0.401579,5.54846,13.8166,18159,5781,5170,3339,0.191867,5,0,1.90438,0.501973,16.9478
531638,4184590.0,5782,5193,4,-0.0280536,0.339371,23.1373,68.1768,18159,5786,5172,3339,0.287439,13,15,4.78151,0.424214,65.4167
530352,4184590.0,5783,4764,5,-0.000314854,0.312683,45.5252,145.596,18159,5828,4755,3457,0.11927,18,39,0.114603,0.390854,137.265
530354,4184590.0,5783,4765,5,-0.00120237,0.352357,54.3579,154.27,18159,5815,4797,3454,0.119047,25,40,0.463722,0.440446,136.773
530436,4184590.0,5783,4792,1,-0.0106044,0.537805,32.6552,60.7195,18159,5803,4793,3454,0.3961,14,10,1.60973,0.672256,61.0643
530438,4184590.0,5783,4793,1,-0.00360578,0.530012,37.116,70.0286,18159,5806,4795,3454,0.384818,19,9,0.631269,0.662515,67.7809
530442,4184590.0,5783,4794,1,-0.000179969,0.496017,46.9486,94.6512,18159,5813,4799,3454,0.381773,36,2,0.0425856,0.620021,89.7473
531584,4184590.0,5783,5175,1,-0.058649,0.386773,5.39093,13.9382,18159,5782,5170,3339,0.212055,5,0,2.04366,0.483466,16.8197
531638,4184590.0,5783,5193,4,-0.0126049,0.219004,19.7877,90.353,18159,5791,5174,3339,0.276918,12,28,2.84724,0.273756,63.6182
530348,4184590.0,5784,4763,5,-0.0106229,0.315297,40.777,129.329,18159,5823,4754,3457,0.0950134,18,37,3.43461,0.394121,118.908
530352,4184590.0,5784,4764,5,-0.00252149,0.344551,57.7594,167.637,18159,5819,4799,3454,0.105398,22,49,1.05674,0.430689,149.787
530436,4184590.0,5784,4792,1,-0.0188986,0.557179,31.6038,56.721,18159,5803,4793,3454,0.394704,8,13,2.67988,0.696474,55.5673
530438,4184590.0,5784,4793,1,-0.0228964,0.535581,32.2438,60.2035,18159,5804,4794,3454,0.385009,18,6,3.4461,0.669476,58.597
530442,4184590.0,5784,4794,1,-0.00768124,0.534805,37.4015,69.9348,18159,5807,4796,3454,0.381412,17,9,1.34296,0.668506,67.6698
530444,4184590.0,5784,4795,1,-0.00644334,0.649956,68.7188,105.728,18159,5803,4823,3437,0.380064,38,8,1.70311,0.812445,103.053
531584,4184590.0,5784,5175,1,-0.0573774,0.350841,4.94562,14.0965,18159,5783,5170,3339,0.239678,4,1,2.02205,0.438551,16.7275
531588,4184590.0,5784,5176,1,-0.00960083,0.308747,5.34729,17.3193,18159,5783,5170,3339,0.180294,4,2,0.4157,0.385934,19.5956
531636,4184590.0,5784,5192,4,-0.02426,0.296953,19.0201,64.0509,18159,5790,5174,3339,0.254594,10,17,3.88469,0.371191,58.7305
530346,4184600.0,5785,4762,5,-0.0150358,0.307948,39.5123,128.308,18159,5823,4753,3457,0.089885,11,43,4.82304,0.384935,115.587
530348,4184600.0,5785,4763,5,-0.0165401,0.323226,44.9099,138.943,18159,5828,4755,3457,0.0988644,17,37,5.7453,0.404033,130.704
530444,4184600.0,5785,4795,1,-0.0130423,0.537381,37.9883,70.6915,18159,5808,4796,3454,0.389097,25,4,2.30496,0.671727,70.3475
530448,4184600.0,5785,4796,1,-0.0265904,0.683656,61.8811,90.5151,18159,5799,4822,3437,0.387415,34,5,6.01708,0.854569,89.4307
531588,4184600.0,5785,5176,1,-0.0436781,0.339504,4.72418,13.9149,18159,5784,5171,3339,0.180403,3,2,1.51945,0.42438,16.8271
531632,4184600.0,5785,5191,4,-0.0103452,0.30854,19.4591,63.0683,18159,5788,5172,3339,0.245523,10,17,1.63114,0.385675,59.2257
530346,4184600.0,5786,4762,5,-0.0190456,0.333963,40.143,120.202,18159,5823,4754,3457,0.105585,23,27,5.72329,0.417454,112.313
531588,4184600.0,5786,5176,1,-0.0566798,0.326968,4.55835,13.9413,18159,5785,5171,3339,0.19595,2,3,1.97548,0.408709,16.7927
531630,4184600.0,5786,5190,4,-0.00476101,0.319683,18.4689,57.7727,18159,5788,5172,3339,0.195422,9,16,0.687641,0.399604,55.8732
530342,4184600.0,5787,4761,5,-0.0313574,0.323809,38.9363,120.245,18159,5823,4753,3457,0.141679,15,36,9.42643,0.404761,108.95
530346,4184600.0,5787,4762,5,-0.0140705,0.361978,39.8357,110.05,18159,5823,4754,3457,0.140125,16,29,3.87117,0.452472,108.851
531588,4184600.0,5787,5176,1,-0.0476094,0.347722,3.73059,10.7287,18159,5786,5172,3339,0.225074,0,4,1.27696,0.434653,14.1495
531590,4184600.0,5787,5177,1,-0.017752,0.295022,4.11676,13.9541,18159,5786,5172,3339,0.167406,0,5,0.619282,0.368777,16.8484
531630,4184600.0,5787,5190,4,-0.0112434,0.30001,16.5534,55.1762,18159,5790,5174,3339,0.166234,10,14,1.55092,0.375012,50.2881
531632,4184600.0,5787,5191,4,-0.00413771,0.186561,16.5056,88.4731,18159,5791,5174,3339,0.185878,11,25,0.915189,0.233201,54.0857
530340,4184600.0,5788,4760,5,-0.0190191,0.296121,37.9821,128.266,18159,5823,4753,3457,0.210711,19,36,6.09876,0.370151,105.911
530342,4184600.0,5788,4761,5,-0.0234386,0.336256,39.2158,116.625,18159,5823,4754,3457,0.180562,17,32,6.83381,0.42032,105.894
530346,4184600.0,5788,4762,1,-0.00808421,0.365634,39.2903,107.458,18159,5823,4754,3457,0.16675,23,19,2.17178,0.457043,105.917
530454,4184600.0,5788,4798,1,-0.0265431,0.703274,59.3415,84.3789,18159,5801,4822,3437,0.398335,35,1,5.5992,0.879093,82.7257
531590,4184600.0,5788,5177,1,-0.0478788,0.292373,4.08234,13.9628,18159,5787,5172,3339,0.168984,0,5,1.6713,0.365466,16.7865
531630,4184600.0,5788,5190,4,-0.0128671,0.244872,15.8893,64.8882,18159,5791,5174,3339,0.147786,11,17,2.0873,0.30609,50.5001
530342,4184610.0,5789,4761,1,-0.00908618,0.344289,38.7159,112.452,18159,5823,4754,3457,0.179618,17,29,2.5544,0.430361,102.924
530346,4184610.0,5789,4762,1,-0.00682974,0.341558,41.9775,122.9,18159,5827,4755,3457,0.165536,20,28,2.09844,0.426947,115.893
531590,4184610.0,5789,5177,1,-0.060512,0.275188,3.90619,14.1946,18159,5788,5172,3339,0.182413,0,5,2.14736,0.343985,16.6573
531630,4184610.0,5789,5190,4,-0.0108189,0.212078,15.4608,72.9015,18159,5791,5174,3339,0.137474,11,20,1.97179,0.265098,49.9926
530342,4184610.0,5790,4761,1,-0.00624258,0.368796,38.2577,103.737,18159,5823,4754,3457,0.158409,28,15,1.61896,0.460995,99.8253
530346,4184610.0,5790,4762,1,-0.0106878,0.343408,42.6843,124.296,18159,5828,4755,3457,0.153193,17,31,3.32112,0.429259,114.808
531522,4184610.0,5790,5154,1,-0.0331933,0.36931,20.2489,54.829,18159,5774,5162,3339,0.0950416,11,12,4.54988,0.461637,54.8569
531524,4184610.0,5790,5155,1,-0.0329425,0.393455,18.7199,47.5783,18159,5777,5164,3339,0.108016,5,16,3.91837,0.491818,46.9807
531590,4184610.0,5790,5177,1,-0.046495,0.32172,2.45306,7.62484,18159,5790,5174,3339,0.205456,0,2,0.886292,0.40215,10.5746
531594,4184610.0,5790,5178,1,-0.0356178,0.255252,3.66522,14.3592,18159,5789,5173,3339,0.134868,0,5,1.27861,0.319065,16.6304
531630,4184610.0,5790,5190,4,-0.0240331,0.204295,15.0743,73.7867,18159,5791,5174,3339,0.147581,10,22,4.43331,0.255369,49.6614
530342,4184610.0,5791,4761,1,-0.00120225,0.387265,37.8076,97.6273,18159,5823,4754,3457,0.135369,19,23,0.293431,0.484081,96.4909
530346,4184610.0,5791,4762,1,-0.00744894,0.348298,51.5655,148.05,18159,5836,4754,3457,0.141183,17,43,2.75703,0.435373,136.188
531522,4184610.0,5791,5154,1,-0.0298816,0.462354,34.2723,74.1256,18159,5798,5131,3378,0.0839809,20,11,5.53747,0.577943,73.2591
531524,4184610.0,5791,5155,1,-0.0247128,0.375682,18.3925,48.9577,18159,5778,5165,3339,0.0743892,5,17,3.0247,0.469602,50.364
531594,4184610.0,5791,5178,1,-0.0497272,0.286628,3.10675,10.839,18159,5790,5174,3339,0.14364,0,4,1.34748,0.358285,14.0159
531630,4184610.0,5791,5190,4,-0.0424282,0.199087,14.6553,73.6124,18159,5791,5174,3339,0.18784,10,21,7.80811,0.248859,49.5101
530328,4184620.0,5792,4756,5,-0.00432336,0.319921,36.9592,115.526,18159,5824,4753,3457,0.10453,18,32,1.24865,0.399902,96.5393
530342,4184620.0,5792,4761,1,-0.00187583,0.392827,37.3181,94.9987,18159,5823,4755,3457,0.110679,21,17,0.445504,0.491034,93.5548
531522,4184620.0,5792,5154,1,-0.0354448,0.485229,33.222,68.4666,18159,5799,5132,3378,0.101134,17,11,6.06696,0.606536,70.937
531524,4184620.0,5792,5155,1,-0.025434,0.355846,19.1178,53.7249,18159,5777,5164,3339,0.06056,5,18,3.41609,0.444808,51.9111
531528,4184620.0,5792,5156,1,-0.0212495,0.377743,17.0819,45.2209,18159,5781,5167,3339,0.0920785,5,16,2.4023,0.472179,44.5819
531594,4184620.0,5792,5178,1,-0.045113,0.277616,3.01874,10.8738,18159,5791,5174,3339,0.170423,0,4,1.22638,0.347019,13.9309
531596,4184620.0,5792,5179,1,-0.0272665,0.236654,3.54663,14.9866,18159,5790,5174,3339,0.127538,0,6,1.02158,0.295818,17.9128
530322,4184620.0,5793,4754,5,-0.0309144,0.303645,50.9418,167.768,18159,5837,4752,3457,0.152438,13,60,12.9661,0.379556,133.538
530324,4184620.0,5793,4755,5,-0.0229758,0.350779,35.0565,99.9392,18159,5823,4753,3457,0.118863,19,24,5.74046,0.438473,88.8069
530328,4184620.0,5793,4756,5,-0.0122194,0.36523,35.2259,96.4485,18159,5823,4753,3457,0.114175,15,25,2.94635,0.456537,88.8592
530342,4184620.0,5793,4761,1,-0.00579562,0.403707,37.1783,92.0922,18159,5823,4754,3457,0.0970691,23,13,1.33433,0.504634,90.6228
530346,4184620.0,5793,4762,1,-0.000794448,0.354341,47.9573,135.342,18159,5834,4755,3457,0.109395,17,38,0.268806,0.442927,123.743
531522,4184620.0,5793,5154,1,-0.0428422,0.494736,33.3104,67.3296,18159,5799,5132,3378,0.14432,19,8,7.21137,0.61842,70.0062
531524,4184620.0,5793,5155,1,-0.0364146,0.467253,33.512,71.7212,18159,5799,5132,3378,0.0675817,17,13,6.52924,0.584067,72.9391
531528,4184620.0,5793,5156,1,-0.0201993,0.358969,17.3386,48.301,18159,5781,5167,3339,0.0748563,6,16,2.43911,0.448711,47.2352
531594,4184620.0,5793,5178,1,-0.0339892,0.24122,2.67871,11.1049,18159,5792,5174,3339,0.193722,0,4,0.943613,0.301524,13.7751
531596,4184620.0,5793,5179,1,-0.0453677,0.245895,3.57178,14.5256,18159,5791,5174,3339,0.123787,0,6,1.64749,0.307368,18.1234
530316,4184620.0,5794,4752,5,-0.00817002,0.29986,51.7246,172.496,18159,5839,4752,3457,0.200002,15,61,3.52324,0.374825,134.563
530318,4184620.0,5794,4753,5,-0.0231083,0.334606,36.8797,110.218,18159,5825,4753,3457,0.202168,21,27,6.36738,0.418257,93.0472
530322,4184620.0,5794,4754,5,-0.0359166,0.367703,34.5164,93.8706,18159,5823,4753,3457,0.179339,13,26,8.42878,0.459628,85.5775
530342,4184620.0,5794,4761,1,-0.0226507,0.413891,36.8877,89.1242,18159,5823,4754,3457,0.117061,23,12,5.0468,0.517364,87.6955
530346,4184620.0,5794,4762,1,-0.0189674,0.370066,41.2203,111.386,18159,5828,4755,3457,0.122844,18,26,5.28178,0.462583,103.766
530348,4184620.0,5794,4763,1,-0.00883683,0.455797,99.3041,217.869,18159,5834,4819,3455,0.130175,63,32,4.81318,0.569746,207.648
530352,4184620.0,5794,4764,1,-0.000246566,0.3945,51.6239,130.859,18159,5817,4798,3454,0.140897,16,40,0.0806634,0.493125,124.059
531524,4184620.0,5794,5155,1,-0.0418895,0.482958,33.6155,69.6034,18159,5799,5132,3378,0.0915013,21,6,7.28914,0.603698,72.1621
531528,4184620.0,5794,5156,1,-0.0258218,0.34254,17.5704,51.2945,18159,5781,5167,3339,0.0621311,6,17,3.31129,0.428175,49.6354
531530,4184620.0,5794,5157,1,-0.0158013,0.338587,16.8924,49.8908,18159,5782,5168,3339,0.0976961,4,18,1.97086,0.423234,49.1615
531596,4184620.0,5794,5179,1,-0.0454006,0.231491,3.38165,14.6082,18159,5792,5174,3339,0.137389,0,6,1.65805,0.289363,17.9478
531600,4184620.0,5794,5180,1,-0.0141272,0.200358,3.88208,19.3757,18159,5791,5174,3339,0.114222,0,8,0.684313,0.250448,21.8174
530310,4184620.0,5795,4750,5,-0.0187091,0.502571,163.332,324.993,18159,5883,4771,3459,0.194784,69,75,15.2008,0.628214,271.249
530312,4184620.0,5795,4751,5,-0.0169943,0.331367,41.647,125.682,18159,5830,4753,3457,0.187132,17,39,5.3397,0.414209,105.976
530316,4184620.0,5795,4752,5,-0.0157038,0.340912,33.1109,97.1245,18159,5823,4753,3457,0.196617,20,22,3.81306,0.42614,82.7075
530318,4184620.0,5795,4753,5,-0.0118252,0.375176,33.544,89.4087,18159,5823,4753,3457,0.209455,13,24,2.6432,0.46897,82.5019
530346,4184620.0,5795,4762,1,-0.0163512,0.377826,38.8332,102.781,18159,5826,4755,3457,0.150077,22,19,4.20146,0.472283,94.3168
530348,4184620.0,5795,4763,1,-0.00796455,0.560429,96.8544,172.822,18159,5849,4780,3464,0.150138,42,28,3.44112,0.700536,169.723
531524,4184620.0,5795,5155,1,-0.0457934,0.490111,33.6894,68.7383,18159,5799,5132,3378,0.130733,19,7,7.8694,0.612639,71.5417
531528,4184620.0,5795,5156,1,-0.0324078,0.32291,17.7451,54.9536,18159,5781,5167,3339,0.0546814,5,19,4.45231,0.403637,51.5145
531530,4184620.0,5795,5157,1,-0.0185976,0.334929,16.605,49.5776,18159,5783,5168,3339,0.0771281,2,20,2.30506,0.418661,49.3288
531596,4184620.0,5795,5179,1,-0.0338578,0.210842,3.50946,16.645,18159,5792,5174,3339,0.156049,0,7,1.40891,0.263552,16.1966
531600,4184620.0,5795,5180,1,-0.0378143,0.195478,3.7829,19.352,18159,5792,5174,3339,0.110681,0,8,1.82946,0.244348,21.8108
530306,4184630.0,5796,4749,5,-0.00149474,0.322138,44.156,137.072,18159,5834,4752,3457,0.204972,20,40,0.512218,0.402672,115.584
530348,4184630.0,5796,4763,1,-0.0108439,0.44726,72.4889,162.073,18159,5848,4759,3458,0.159684,36,29,4.39378,0.559075,154.899
530352,4184630.0,5796,4764,1,-0.00906249,0.396475,53.8127,135.728,18159,5820,4800,3454,0.163545,21,38,3.07508,0.495593,131.751
530354,4184630.0,5796,4765,1,-0.0169705,0.412428,50.6061,122.703,18159,5817,4798,3454,0.17856,16,37,5.20582,0.515535,119.112
531528,4184630.0,5796,5156,1,-0.0313056,0.476198,34.0063,71.4121,18159,5799,5132,3378,0.0776777,17,9,5.58899,0.595247,74.0009
531530,4184630.0,5796,5157,1,-0.0152485,0.318995,16.8113,52.7009,18159,5783,5168,3339,0.066387,2,21,2.00902,0.398744,51.507
531534,4184630.0,5796,5158,1,-0.0157416,0.35615,15.5811,43.7485,18159,5785,5168,3339,0.107043,2,18,1.72168,0.445188,42.7933
531596,4184630.0,5796,5179,1,-0.0183792,0.188784,3.58618,18.9962,18159,5792,5174,3339,0.170289,0,8,0.872835,0.23598,18.4421
531600,4184630.0,5796,5180,1,-0.0463689,0.193985,4.10107,21.1411,18159,5792,5174,3339,0.117434,0,9,2.45073,0.242482,20.5559
531602,4184630.0,5796,5181,1,-0.0218397,0.165804,4.53375,27.3441,18159,5791,5174,3339,0.119541,1,10,1.49296,0.207255,26.9647
530304,4184630.0,5797,4748,5,-0.00477817,0.325797,40.6013,124.622,18159,5831,4753,3457,0.177669,16,38,1.48866,0.407246,102.487
530348,4184630.0,5797,4763,1,-0.0147069,0.416531,60.8849,146.171,18159,5842,4755,3457,0.177003,28,32,5.37432,0.520664,136.905
530352,4184630.0,5797,4764,1,-0.0180198,0.416297,66.2115,159.049,18159,5826,4806,3455,0.183217,39,31,7.16507,0.520371,153.546
530354,4184630.0,5797,4765,1,-0.0223134,0.416202,52.0218,124.992,18159,5818,4799,3454,0.202424,19,35,6.97249,0.520252,121.518
531528,4184630.0,5797,5156,1,-0.0223141,0.478056,33.9808,71.0812,18159,5799,5132,3378,0.111878,18,11,3.96528,0.59757,73.6451
531530,4184630.0,5797,5157,1,-0.0114577,0.453784,34.2092,75.3864,18159,5799,5132,3378,0.0813105,17,11,2.15938,0.567231,76.6864
531534,4184630.0,5797,5158,1,-0.0202248,0.339716,15.8992,46.8013,18159,5785,5168,3339,0.102794,2,19,2.36637,0.424645,45.1068
531536,4184630.0,5797,5159,1,-0.0299421,0.34653,14.6196,42.1885,18159,5787,5169,3339,0.139439,1,18,3.15803,0.433162,43.5951
531600,4184630.0,5797,5180,1,-0.0417005,0.18479,4.34821,23.5306,18159,5792,5174,3339,0.132355,0,10,2.45309,0.230987,22.8909
531602,4184630.0,5797,5181,1,-0.0391631,0.164968,4.91943,29.8206,18159,5791,5174,3339,0.108951,0,12,2.91967,0.206209,28.9178
531606,4184630.0,5797,5182,1,-0.000931147,0.144122,4.71179,32.693,18159,5791,5174,3339,0.123759,1,12,0.076105,0.180153,30.6526
530298,4184630.0,5798,4746,5,-0.0140415,0.316708,48.8848,154.353,18159,5840,4752,3457,0.186512,15,52,5.41838,0.395885,127.501
530300,4184630.0,5798,4747,5,-0.0121453,0.341689,39.9002,116.773,18159,5831,4753,3457,0.177914,17,35,3.54561,0.427112,101.881
530352,4184630.0,5798,4764,1,-0.0188733,0.574922,96.1621,167.261,18159,5849,4781,3464,0.212764,45,26,7.8919,0.718653,159.987
530354,4184630.0,5798,4765,1,-0.0286431,0.413832,51.4289,124.275,18159,5819,4799,3454,0.233401,22,32,8.89902,0.517291,121.507
531530,4184630.0,5798,5157,1,-0.00597498,0.462666,34.4072,74.3671,18159,5799,5132,3378,0.120772,18,15,1.11086,0.578333,76.5172
531534,4184630.0,5798,5158,1,-0.0205689,0.323296,16.1884,50.0729,18159,5785,5168,3339,0.110784,2,20,2.57486,0.40412,47.1462
531536,4184630.0,5798,5159,1,-0.0290208,0.344393,15.0755,43.7741,18159,5787,5169,3339,0.124679,1,19,3.17589,0.430491,42.5818
531600,4184630.0,5798,5180,1,-0.014353,0.172203,4.4093,25.6052,18159,5792,5174,3339,0.143904,0,11,0.918781,0.215254,25.0522
531602,4184630.0,5798,5181,1,-0.0375821,0.16982,4.78503,28.1771,18159,5792,5174,3339,0.106401,0,12,2.64739,0.212275,26.5389
531606,4184630.0,5798,5182,1,-0.0187797,0.141657,5.09503,35.9673,18159,5791,5174,3339,0.128337,1,13,1.68864,0.177072,32.4073
530292,4184640.0,5799,4744,5,-0.01001,0.529352,161.896,305.839,18159,5885,4770,3359,0.212238,74,61,7.65359,0.661689,271.14
530294,4184640.0,5799,4745,5,-0.0210499,0.335375,41.4739,123.664,18159,5834,4752,3457,0.208167,16,37,6.50781,0.419219,107.271
530352,4184640.0,5799,4764,1,-0.0120519,0.577949,99.0495,171.381,18159,5851,4780,3464,0.242176,43,28,5.16364,0.722437,162.685
530354,4184640.0,5799,4765,1,-0.028359,0.40799,51.9136,127.242,18159,5820,4800,3454,0.255595,24,31,9.02118,0.509987,123.656
531534,4184640.0,5799,5158,1,-0.0185188,0.441814,34.9602,79.1287,18159,5799,5132,3378,0.127292,18,15,3.66341,0.552268,79.512
531536,4184640.0,5799,5159,1,-0.0200454,0.328114,15.3504,46.7837,18159,5787,5169,3339,0.123553,2,19,2.3445,0.410143,44.8905
531602,4184640.0,5799,5181,1,-0.0201478,0.168828,5.05737,29.9558,18159,5792,5174,3339,0.116431,0,13,1.50886,0.211035,29.2967
531606,4184640.0,5799,5182,1,-0.0211895,0.13923,5.44141,39.0821,18159,5791,5174,3339,0.125014,1,14,2.07033,0.174038,34.3399
530288,4184640.0,5800,4743,5,-0.0144124,0.320833,45.3877,141.469,18159,5839,4752,3457,0.232564,12,49,5.09724,0.401041,118.97
530292,4184640.0,5800,4744,5,-0.0178714,0.34608,38.6655,111.724,18159,5832,4753,3457,0.225468,17,31,4.99167,0.4326,101.123
530352,4184640.0,5800,4764,1,-0.00287491,0.463718,69.9112,150.762,18159,5848,4759,3458,0.249746,36,24,1.08357,0.579647,145.219
530354,4184640.0,5800,4765,1,-0.0106826,0.430801,70.253,163.075,18159,5829,4809,3455,0.263553,32,40,4.35516,0.538502,158.649
530472,4184640.0,5800,4804,1,-0.047686,0.740686,59.812,80.7522,18159,5810,4828,3438,0.392619,32,1,9.62688,0.925857,78.9033
531534,4184640.0,5800,5158,1,-0.0138001,0.446994,35.2802,78.9276,18159,5799,5132,3378,0.150268,16,14,2.72301,0.558742,79.6206
531536,4184640.0,5800,5159,1,-0.010787,0.314498,15.7078,49.9455,18159,5787,5169,3339,0.133638,1,21,1.3469,0.393123,47.1045
531602,4184640.0,5800,5181,1,-0.00364276,0.165185,5.27826,31.9537,18159,5792,5174,3339,0.138229,0,14,0.290999,0.206481,31.5003
531606,4184640.0,5800,5182,1,-0.0198332,0.140562,5.88696,41.8817,18159,5791,5174,3339,0.132735,1,15,2.07662,0.175702,36.4226
531608,4184640.0,5800,5183,1,-0.00826405,0.131244,5.83789,44.481,18159,5791,5174,3339,0.147819,1,18,0.918984,0.164056,38.5775
530286,4184640.0,5801,4742,5,-0.0153453,0.333684,43.3371,129.875,18159,5838,4752,3457,0.251093,17,39,4.98241,0.417105,115.927
530288,4184640.0,5801,4743,5,-0.0299013,0.346044,36.7748,106.272,18159,5831,4753,3457,0.247678,15,30,7.94417,0.432555,94.1334
531534,4184640.0,5801,5158,1,-0.014718,0.454777,34.6278,76.1423,18159,5800,5133,3378,0.168244,17,12,2.80166,0.568472,76.5147
531536,4184640.0,5801,5159,1,-0.0091083,0.2922,17.3662,59.4327,18159,5785,5168,3339,0.153419,2,24,1.35333,0.365249,53.1717
531606,4184640.0,5801,5182,1,-0.0113684,0.139766,6.24823,44.7049,18159,5791,5174,3339,0.151641,1,16,1.27055,0.174708,38.6306
531608,4184640.0,5801,5183,1,-0.0138729,0.133024,6.31335,47.4604,18159,5791,5174,3339,0.1561,1,19,1.64604,0.16628,40.6598
530282,4184650.0,5802,4741,5,-0.00101587,0.334637,42.3254,126.482,18159,5838,4752,3457,0.234249,17,37,0.321224,0.418296,113.325
530286,4184650.0,5802,4742,5,-0.0142198,0.348927,35.7302,102.4,18159,5831,4753,3457,0.271113,15,28,3.64028,0.436158,92.2063
530352,4184650.0,5802,4764,1,-0.00511478,0.415363,48.9072,117.746,18159,5838,4754,3457,0.230078,16,33,1.50561,0.519203,113.714
530354,4184650.0,5802,4765,1,-0.00987688,0.636291,138.548,217.744,18159,5873,4770,3459,0.217797,66,17,5.37657,0.795363,212.084
531534,4184650.0,5802,5158,1,-0.019403,0.458943,35.057,76.3864,18159,5800,5133,3378,0.184769,19,11,3.70532,0.573679,73.8817
531536,4184650.0,5802,5159,1,-0.0099917,0.422455,36.2889,85.9001,18159,5799,5132,3378,0.16797,15,18,2.14572,0.528069,83.1504
531608,4184650.0,5802,5183,1,-0.00280722,0.134119,6.76733,50.4576,18159,5791,5174,3339,0.172881,1,20,0.354114,0.167649,42.8511
530280,4184650.0,5803,4740,5,-0.00232376,0.332403,44.9688,135.284,18159,5841,4752,3457,0.19729,21,38,0.785917,0.415504,119.009
530352,4184650.0,5803,4764,1,-0.00958366,0.409662,40.1468,97.9999,18159,5832,4755,3457,0.226455,17,22,2.34799,0.512077,90.6963
531534,4184650.0,5803,5158,1,-0.0248866,0.464397,35.5075,76.4594,18159,5800,5133,3378,0.190684,18,11,4.75703,0.580497,76.913
531536,4184650.0,5803,5159,1,-0.0131898,0.433038,35.7389,82.5305,18159,5800,5133,3378,0.172398,17,15,2.7214,0.541298,79.853
531540,4184650.0,5803,5160,1,-0.00920475,0.298986,17.2589,57.7249,18159,5787,5169,3339,0.176286,5,19,1.32836,0.373732,54.0013
530352,4184650.0,5804,4764,1,-0.00433883,0.421499,38.5314,91.4152,18159,5831,4755,3457,0.24802,16,21,0.991587,0.526874,85.1453
531534,4184650.0,5804,5158,1,-0.0272727,0.470824,35.9539,76.3637,18159,5800,5133,3378,0.18595,21,9,5.20661,0.58853,77.4956
531536,4184650.0,5804,5159,1,-0.0120271,0.440357,36.2117,82.2327,18159,5800,5133,3378,0.170455,16,15,2.47255,0.550446,80.2273
531540,4184650.0,5804,5160,1,-0.00913537,0.275151,17.7582,64.54,18159,5787,5169,3339,0.174009,1,26,1.47399,0.343939,58.0998
531542,4184650.0,5804,5161,1,-0.0130002,0.31519,16.7291,53.0762,18159,5789,5170,3339,0.185081,5,18,1.725,0.393987,54.3455
531606,4184650.0,5804,5182,1,-0.00119282,0.168732,7.56329,44.8242,18159,5792,5174,3339,0.241841,0,19,0.133668,0.210915,42.6069
530352,4184660.0,5805,4764,1,-0.0111519,0.439449,34.0752,77.5407,18159,5828,4755,3457,0.283012,18,13,2.16181,0.549311,74.2158
530354,4184660.0,5805,4765,1,-0.0270762,0.458403,55.282,120.597,18159,5842,4755,3457,0.296407,27,23,8.16325,0.573004,115.7
531398,4184660.0,5805,5113,1,-0.0342649,0.517704,84.9734,164.135,18159,5763,5080,3344,0.358533,58,16,14.0602,0.64713,159.859
531536,4184660.0,5805,5159,1,-0.0143052,0.450654,36.6158,81.2502,18159,5800,5133,3378,0.169701,17,13,2.90574,0.563318,80.9576
531540,4184660.0,5805,5160,1,-0.0125451,0.410935,36.9082,89.815,18159,5800,5133,3378,0.170156,16,19,2.81685,0.513669,83.5973
531542,4184660.0,5805,5161,1,-0.0143077,0.298838,17.2791,57.8208,18159,5789,5170,3339,0.181669,4,20,2.06821,0.373547,55.7226
531606,4184660.0,5805,5182,1,-0.0122385,0.173484,8.31995,47.958,18159,5792,5174,3339,0.252,0,20,1.46733,0.216855,45.0591
531608,4184660.0,5805,5183,1,-0.00211817,0.145789,8.67017,59.4706,18159,5791,5174,3339,0.249333,1,23,0.314921,0.182236,49.9321
530276,4184660.0,5806,4739,5,-0.0144444,0.345048,40.7702,118.158,18159,5839,4752,3457,0.165043,15,36,4.2668,0.431311,106.309
530280,4184660.0,5806,4740,5,-0.00696469,0.371095,34.1878,92.1269,18159,5833,4752,3457,0.170179,17,23,1.60409,0.463868,87.6892
530352,4184660.0,5806,4764,1,-0.0220281,0.459331,33.2641,72.4185,18159,5828,4755,3457,0.308837,19,11,3.9881,0.574164,73.2431
530354,4184660.0,5806,4765,1,-0.028066,0.444776,49.2847,110.808,18159,5840,4755,3457,0.324634,17,28,7.77485,0.555969,105.053
530358,4184660.0,5806,4766,1,-0.020865,0.489084,64.9834,132.868,18159,5848,4759,3458,0.357088,33,19,6.93071,0.611354,127.153
531396,4184660.0,5806,5112,1,-0.0375704,0.551701,101.477,183.934,18159,5776,5060,3412,0.355706,68,13,17.2762,0.689627,178.206
531402,4184660.0,5806,5114,1,-0.0528852,0.493127,37.9474,76.9526,18159,5780,5115,3378,0.323884,12,14,10.1741,0.616408,76.619
531540,4184660.0,5806,5160,1,-0.00999182,0.427866,37.3377,87.2649,18159,5800,5133,3378,0.174282,18,16,2.17984,0.534832,84.23
531542,4184660.0,5806,5161,1,-0.0162556,0.282282,18.9645,67.183,18159,5787,5169,3339,0.178737,5,23,2.73024,0.352852,60.6592
531546,4184660.0,5806,5162,1,-0.0150735,0.317995,17.4402,54.8442,18159,5790,5170,3339,0.185504,1,22,2.06674,0.397494,52.6291
531606,4184660.0,5806,5182,1,-0.0150394,0.178523,9.14709,51.2376,18159,5792,5174,3339,0.249149,0,21,1.92646,0.223154,47.5634
531608,4184660.0,5806,5183,1,-0.0156862,0.149767,9.41595,62.8707,18159,5791,5174,3339,0.248051,1,24,2.4655,0.187209,52.4233
530274,4184660.0,5807,4738,5,-0.00718781,0.400817,63.0593,157.327,18159,5851,4757,3458,0.1666,33,37,2.82709,0.501021,145.488
530276,4184660.0,5807,4739,5,-0.0230298,0.367341,38.2136,104.028,18159,5837,4752,3457,0.175044,12,32,5.98935,0.459176,100.02
530280,4184660.0,5807,4740,5,-0.0147448,0.374986,32.099,85.6005,18159,5831,4753,3457,0.172522,15,21,3.1554,0.468732,81.5655
530354,4184660.0,5807,4765,1,-0.0250488,0.421196,38.6662,91.8009,18159,5834,4755,3457,0.352116,14,24,5.74874,0.526495,86.1754
530358,4184660.0,5807,4766,1,-0.0153153,0.467378,55.1812,118.066,18159,5844,4757,3458,0.358277,27,22,4.52054,0.584222,113.104
531398,4184660.0,5807,5113,1,-0.0381044,0.546465,102.827,188.168,18159,5776,5060,3412,0.31622,69,14,17.9251,0.683081,182.304
531404,4184660.0,5807,5115,1,-0.0532584,0.476168,28.5744,60.009,18159,5787,5118,3378,0.315708,18,4,7.98996,0.59521,59.3098
531540,4184660.0,5807,5160,1,-0.00925068,0.44626,37.7155,84.5146,18159,5800,5133,3378,0.176168,26,11,1.95454,0.557825,85.4709
531542,4184660.0,5807,5161,1,-0.0212019,0.399842,38.1458,95.4021,18159,5800,5133,3378,0.171814,17,21,5.05675,0.499803,87.6955
531546,4184660.0,5807,5162,1,-0.0310726,0.310738,18.0349,58.039,18159,5790,5170,3339,0.169958,1,23,4.50855,0.388422,55.0677
531548,4184660.0,5807,5163,1,-0.0246989,0.32583,17.5288,53.7974,18159,5791,5171,3339,0.178412,1,22,3.32184,0.407287,52.4809
531606,4184660.0,5807,5182,1,-0.019837,0.179288,9.80988,54.7158,18159,5792,5174,3339,0.229453,0,22,2.7135,0.22411,50.0974
531608,4184660.0,5807,5183,1,-0.022912,0.151542,10.1783,67.1651,18159,5791,5174,3339,0.226379,1,25,3.84721,0.189428,54.9655
530274,4184660.0,5808,4738,5,-0.00830007,0.361604,42.1387,116.533,18159,5841,4752,3457,0.161472,16,36,2.41807,0.452005,109.364
530276,4184660.0,5808,4739,5,-0.00581441,0.374947,34.2478,91.3404,18159,5834,4752,3457,0.183891,15,23,1.32773,0.468684,86.9375
530358,4184660.0,5808,4766,1,-0.0118328,0.463704,51.8851,111.893,18159,5842,4755,3457,0.347054,23,23,3.31002,0.579631,107.22
530370,4184660.0,5808,4770,1,-0.0130213,0.606294,95.3017,157.187,18159,5853,4783,3464,0.284004,51,18,5.11694,0.757867,140.313
531402,4184660.0,5808,5114,1,-0.03684,0.541115,104.211,192.585,18159,5776,5060,3412,0.301844,72,13,17.7371,0.676394,186.404
531404,4184660.0,5808,5115,1,-0.0579032,0.469783,29.4782,62.7486,18159,5787,5118,3378,0.29025,17,6,9.08337,0.587228,61.9999
531408,4184660.0,5808,5116,1,-0.0580659,0.432018,21.5906,49.9762,18159,5792,5121,3378,0.331765,9,11,7.25479,0.540022,48.9074
531542,4184660.0,5808,5161,1,-0.0258138,0.430883,38.5358,89.4345,18159,5800,5133,3378,0.153755,25,14,5.77162,0.538604,89.1757
531546,4184660.0,5808,5162,1,-0.0308793,0.28033,18.9413,67.5678,18159,5789,5170,3339,0.143802,4,24,5.21612,0.350412,62.1833
531548,4184660.0,5808,5163,1,-0.0298397,0.316801,17.993,56.7958,18159,5791,5171,3339,0.152225,1,23,4.23693,0.396002,55.1644
531606,4184660.0,5808,5182,1,-0.0234191,0.166098,10.9243,65.77,18159,5791,5174,3339,0.194305,1,23,3.85069,0.207622,56.1475
531608,4184660.0,5808,5183,1,-0.0299164,0.152437,10.7762,70.6925,18159,5791,5174,3339,0.196587,1,28,5.28716,0.190547,57.5517
531612,4184660.0,5808,5184,4,-0.0262395,0.136219,10.5244,77.2607,18159,5791,5174,3339,0.204395,1,29,5.06821,0.170273,59.0948
530270,4184670.0,5809,4737,5,-0.0250634,0.418994,66.3943,158.461,18159,5853,4758,3458,0.187089,37,33,9.92894,0.523742,147.432
530274,4184670.0,5809,4738,5,-0.0156794,0.364869,39.1152,107.204,18159,5839,4752,3457,0.171384,17,30,4.20223,0.456086,100.269
530276,4184670.0,5809,4739,5,-0.00100191,0.389167,33.6425,86.4474,18159,5834,4752,3457,0.185067,18,19,0.216532,0.486458,85.6389
530360,4184670.0,5809,4767,1,-0.00710743,0.478166,52.9571,110.75,18159,5844,4757,3458,0.307846,24,22,1.96788,0.597707,107.454
530364,4184670.0,5809,4768,1,-0.0139748,0.656053,115.459,175.991,18159,5867,4766,3458,0.282369,54,13,6.1486,0.820066,172.565
530366,4184670.0,5809,4769,1,-0.00988341,0.683694,84.9783,124.293,18159,5849,4780,3464,0.276507,37,15,3.07109,0.854618,123.42
531402,4184670.0,5809,5114,1,-0.042512,0.541563,104.876,193.654,18159,5776,5060,3412,0.29724,72,14,20.5815,0.676954,187.964
531404,4184670.0,5809,5115,1,-0.0609807,0.533678,105.47,197.629,18159,5776,5060,3412,0.257083,70,17,30.1289,0.667097,190.409
531408,4184670.0,5809,5116,1,-0.0530646,0.424039,22.4701,52.9905,18159,5792,5121,3378,0.263872,11,10,7.02981,0.530049,51.7164
531546,4184670.0,5809,5162,1,-0.026579,0.410196,39.1385,95.4141,18159,5800,5133,3378,0.121219,21,18,6.34004,0.512745,92.6393
531548,4184670.0,5809,5163,1,-0.036087,0.307755,18.4338,59.8977,18159,5791,5171,3339,0.11563,2,23,5.40382,0.384693,57.7543
531552,4184670.0,5809,5164,1,-0.0381573,0.314118,17.8341,56.7752,18159,5792,5172,3339,0.140831,2,22,5.41598,0.392647,55.5878
531602,4184670.0,5809,5181,1,-0.0211125,0.194933,11.1006,56.9461,18159,5792,5174,3339,0.162347,0,23,3.00569,0.243666,54.2519
531606,4184670.0,5809,5182,1,-0.0271308,0.160525,11.4508,71.3336,18159,5791,5174,3339,0.157415,1,26,4.83834,0.200656,58.8149
531608,4184670.0,5809,5183,4,-0.0272536,0.14574,11.2615,77.271,18159,5791,5174,3339,0.15993,1,31,5.26478,0.182175,60.1764
530270,4184670.0,5810,4737,5,-0.0222212,0.381807,44.7775,117.278,18159,5842,4753,3457,0.213263,25,26,6.51514,0.477259,107.035
530274,4184670.0,5810,4738,5,-0.0271497,0.375107,37.6104,100.266,18159,5838,4752,3457,0.203137,17,26,6.80547,0.468884,94.8398
530360,4184670.0,5810,4767,1,-0.00911205,0.471917,50.6884,107.409,18159,5843,4756,3458,0.306682,26,19,2.4468,0.589897,104.556
530364,4184670.0,5810,4768,1,-0.0163052,0.553659,72.5576,131.051,18159,5853,4762,3458,0.292004,34,16,5.34203,0.692073,128.646
530370,4184670.0,5810,4770,1,-0.00986552,0.692966,84.8703,122.474,18159,5849,4781,3464,0.265362,48,7,3.02067,0.866208,119.718
531404,4184670.0,5810,5115,1,-0.0508772,0.535736,105.994,197.848,18159,5776,5060,3412,0.235178,75,13,25.1648,0.66967,192.091
531408,4184670.0,5810,5116,1,-0.0402773,0.41166,23.0989,56.1117,18159,5792,5121,3378,0.22063,11,11,5.65007,0.514575,54.3303
531410,4184670.0,5810,5117,1,-0.0451575,0.418497,22.0331,52.648,18159,5793,5122,3378,0.263254,15,6,5.94363,0.523121,51.5909
531546,4184670.0,5810,5162,1,-0.0240774,0.430154,39.076,90.8421,18159,5801,5133,3378,0.111264,28,9,5.46809,0.537692,92.9704
531548,4184670.0,5810,5163,1,-0.038332,0.268624,19.7683,73.591,18159,5789,5170,3339,0.0818393,4,27,7.05222,0.33578,67.1691
531552,4184670.0,5810,5164,1,-0.0451639,0.303745,18.2054,59.9364,18159,5792,5172,3339,0.0880935,2,27,6.7674,0.379682,58.3499
531602,4184670.0,5810,5181,1,-0.0153956,0.190144,11.4885,60.42,18159,5792,5174,3339,0.128326,0,24,2.32551,0.23768,56.9955
531606,4184670.0,5810,5182,4,-0.0196198,0.153597,11.823,76.9741,18159,5791,5174,3339,0.122798,1,31,3.77555,0.191996,61.5321
530268,4184670.0,5811,4736,5,-0.0024277,0.442604,71.6186,161.812,18159,5855,4760,3458,0.218449,41,30,0.982077,0.553255,150.191
530270,4184670.0,5811,4737,5,-0.0103612,0.366935,38.8568,105.896,18159,5840,4752,3457,0.227605,16,29,2.74301,0.458668,98.025
530360,4184670.0,5811,4767,1,-0.000829076,0.483168,49.7662,103.0,18159,5843,4756,3458,0.307148,25,17,0.213487,0.60396,99.9818
530364,4184670.0,5811,4768,1,-0.00451674,0.525763,62.3375,118.566,18159,5849,4759,3458,0.306713,31,15,1.33883,0.657204,117.715
531404,4184670.0,5811,5115,1,-0.0291681,0.5297,106.279,200.641,18159,5776,5060,3412,0.240434,74,15,14.6308,0.662125,193.69
531408,4184670.0,5811,5116,1,-0.031828,0.528449,106.796,202.093,18159,5776,5060,3412,0.21016,79,11,16.0805,0.660562,196.224
531410,4184670.0,5811,5117,1,-0.043986,0.405702,22.7454,56.0643,18159,5793,5122,3378,0.212255,13,9,6.1651,0.507127,54.2973
531414,4184670.0,5811,5118,1,-0.0533962,0.411247,21.502,52.285,18159,5794,5123,3378,0.234765,15,8,6.97954,0.514059,55.0262
531548,4184670.0,5811,5163,1,-0.0294222,0.401107,38.9537,97.1155,18159,5802,5133,3378,0.0616903,20,20,7.14337,0.501384,95.6423
531552,4184670.0,5811,5164,1,-0.0355413,0.291253,18.3427,62.9784,18159,5792,5172,3339,0.0335487,2,28,5.59584,0.364066,61.0631
531554,4184670.0,5811,5165,1,-0.0366992,0.279572,18.1892,65.0609,18159,5792,5173,3339,0.0801791,2,26,5.96921,0.349465,60.3928
531600,4184670.0,5811,5180,1,-0.015578,0.193002,12.002,62.1857,18159,5792,5174,3339,0.116366,0,26,2.42182,0.241252,58.7478
531602,4184670.0,5811,5181,4,-0.0123255,0.161585,12.2062,75.5406,18159,5791,5174,3339,0.104914,1,27,2.32769,0.201981,63.1606
530268,4184680.0,5812,4736,5,-0.00963751,0.393358,44.8641,114.054,18159,5844,4753,3457,0.204403,21,29,2.748,0.491697,110.612
530360,4184680.0,5812,4767,1,-0.0242955,0.486008,48.8319,100.476,18159,5843,4756,3458,0.333209,22,19,6.10277,0.60751,97.7452
530364,4184680.0,5812,4768,1,-0.0136695,0.504695,54.2076,107.407,18159,5846,4758,3458,0.332589,28,15,3.67048,0.630869,106.89
531408,4184680.0,5812,5116,1,-0.0286041,0.521815,107.181,205.4,18159,5776,5060,3412,0.214109,73,18,14.6882,0.652269,197.833
531410,4184680.0,5812,5117,1,-0.0426848,0.521641,107.717,206.495,18159,5776,5060,3412,0.178886,76,16,22.0356,0.652052,200.36
531414,4184680.0,5812,5118,1,-0.040718,0.399991,23.4648,58.6633,18159,5793,5122,3378,0.165844,16,6,5.97163,0.499989,57.0997
531416,4184680.0,5812,5119,1,-0.0375789,0.403406,22.1779,54.9767,18159,5794,5123,3378,0.192853,6,15,5.16491,0.504258,54.0133
531548,4184680.0,5812,5163,1,-0.0171607,0.3947,38.9594,98.7063,18159,5802,5133,3378,0.0546369,19,22,4.23467,0.493375,96.7052
531552,4184680.0,5812,5164,1,-0.0171751,0.384158,39.0335,101.608,18159,5802,5133,3378,0.0146691,19,23,4.36281,0.480197,99.5457
531554,4184680.0,5812,5165,1,-0.0233709,0.258821,18.236,70.4579,18159,5792,5173,3339,0.0379608,1,30,4.11666,0.323527,63.3947
531596,4184680.0,5812,5179,1,-0.0141619,0.191086,12.4055,64.9212,18159,5792,5174,3339,0.0986317,0,26,2.29852,0.238857,60.7341
531600,4184680.0,5812,5180,4,-0.0100924,0.176578,12.2399,69.3176,18159,5792,5174,3339,0.0949428,0,29,1.74895,0.220722,61.5341
530264,4184680.0,5813,4735,5,-0.0222618,0.543074,97.9973,180.449,18159,5864,4763,3458,0.215486,51,29,10.0428,0.678842,175.791
530268,4184680.0,5813,4736,5,-0.0110648,0.377776,38.8408,102.814,18159,5841,4752,3457,0.220817,21,24,2.84406,0.472219,96.6935
530364,4184680.0,5813,4768,1,-0.0239922,0.492592,49.1063,99.6895,18159,5844,4757,3458,0.381666,25,16,5.97943,0.61574,99.1751
531410,4184680.0,5813,5117,1,-0.0307377,0.513056,107.945,210.397,18159,5776,5060,3412,0.158108,76,17,16.1677,0.64132,201.979
531414,4184680.0,5813,5118,1,-0.028377,0.51184,108.271,211.533,18159,5776,5060,3412,0.133911,76,18,15.0067,0.6398,204.503
531416,4184680.0,5813,5119,1,-0.0301182,0.382345,22.5484,58.974,18159,5794,5123,3378,0.131902,13,11,4.44048,0.477932,56.4987
531420,4184680.0,5813,5120,1,-0.0377736,0.390554,21.3311,54.6176,18159,5795,5124,3378,0.151849,10,11,5.15776,0.488193,53.5794
531546,4184680.0,5813,5162,4,-0.0157312,0.397267,38.7114,97.4443,18159,5802,5133,3378,0.083852,28,13,3.8323,0.496583,94.9465
531548,4184680.0,5813,5163,4,-0.0130119,0.387127,38.8875,100.452,18159,5802,5133,3378,0.0544803,28,14,3.26766,0.483909,97.7488
531552,4184680.0,5813,5164,4,-0.0109659,0.373105,38.9939,104.512,18159,5802,5133,3378,0.0188844,27,16,2.86516,0.466382,100.566
531554,4184680.0,5813,5165,4,-0.0183106,0.224034,18.2188,81.3216,18159,5792,5173,3339,0.0204407,0,34,3.72263,0.280042,66.3846
531558,4184680.0,5813,5166,4,-0.0222228,0.229267,18.1053,78.9701,18159,5792,5173,3339,0.0638351,0,33,4.38734,0.286584,65.3246
531590,4184680.0,5813,5177,1,-0.00531772,0.191751,12.9717,67.649,18159,5792,5174,3339,0.0955149,0,27,0.899345,0.239688,62.3877
531594,4184680.0,5813,5178,1,-0.0101419,0.185314,12.7829,68.9797,18159,5792,5174,3339,0.0883401,0,28,1.74897,0.231642,62.9281
531596,4184680.0,5813,5179,4,-0.00909633,0.165241,12.5985,76.2433,18159,5792,5174,3339,0.0836719,0,31,1.73384,0.206551,63.4529
530264,4184680.0,5814,4735,5,-0.00571355,0.416568,52.9202,127.039,18159,5848,4756,3458,0.220933,30,26,1.8146,0.52071,119.641
531414,4184680.0,5814,5118,4,-0.0203554,0.503663,108.433,215.288,18159,5776,5060,3412,0.122803,79,16,10.9557,0.629579,206.129
531416,4184680.0,5814,5119,4,-0.0264365,0.49992,108.801,217.637,18159,5776,5060,3412,0.111117,79,17,14.3839,0.624899,208.65
531420,4184680.0,5814,5120,4,-0.0292958,0.362539,24.5431,67.6979,18159,5793,5122,3378,0.10438,19,9,4.95817,0.453173,61.8496
531422,4184680.0,5814,5121,4,-0.0250025,0.376876,21.8377,57.944,18159,5795,5124,3378,0.111631,11,12,3.62186,0.471095,56.0864
531426,4184680.0,5814,5122,4,-0.0182906,0.386381,22.0148,56.9768,18159,5795,5124,3378,0.140792,12,10,2.60535,0.482976,55.8474
531428,4184680.0,5814,5123,4,-0.0238431,0.39331,22.2804,56.6484,18159,5795,5124,3378,0.1788,11,12,3.37669,0.491637,55.6398
531542,4184680.0,5814,5161,4,-0.00849333,0.399335,38.3069,95.9267,18159,5802,5133,3378,0.103682,28,13,2.03684,0.499168,93.324
531546,4184680.0,5814,5162,4,-0.0136167,0.384188,38.6624,100.634,18159,5802,5133,3378,0.0941172,27,17,3.42577,0.480235,96.0829
531548,4184680.0,5814,5163,4,-0.0189732,0.361261,38.8857,107.639,18159,5802,5133,3378,0.0688462,31,16,5.10563,0.451577,98.8563
531558,4184680.0,5814,5166,4,-0.01954,0.173721,17.7463,102.154,18159,5792,5174,3339,0.063137,0,39,4.99023,0.217151,68.3287
531560,4184680.0,5814,5167,4,-0.0184137,0.18321,17.8327,97.3348,18159,5792,5173,3339,0.0989937,0,39,4.48074,0.229012,67.379
531564,4184680.0,5814,5168,4,-0.0186567,0.186063,17.506,94.0868,18159,5792,5173,3339,0.134618,0,38,4.38837,0.232578,66.5723
531566,4184680.0,5814,5169,4,-0.016426,0.186161,17.0686,91.6873,18159,5792,5173,3339,0.168472,0,37,3.76513,0.232701,65.8961
531570,4184680.0,5814,5170,4,-0.00363841,0.179106,16.0774,89.7648,18159,5792,5174,3339,0.184337,0,35,0.816503,0.223882,65.3552
531572,4184680.0,5814,5171,4,-0.00339849,0.177259,15.5069,87.4817,18159,5792,5174,3339,0.175304,0,34,0.743265,0.221573,64.9426
531576,4184680.0,5814,5172,4,-0.0109658,0.178309,15.1208,84.8014,18159,5792,5174,3339,0.165127,0,33,2.32478,0.222886,64.6625
531578,4184680.0,5814,5173,4,-0.00960675,0.177626,14.5605,81.9725,18159,5792,5174,3339,0.161734,0,32,1.96872,0.222033,64.5196
531582,4184680.0,5814,5174,4,-0.00292881,0.176716,14.0284,79.3842,18159,5792,5174,3339,0.149259,0,33,0.581253,0.220895,64.5152
531584,4184680.0,5814,5175,4,-0.00299239,0.176679,13.6748,77.3992,18159,5792,5174,3339,0.121721,0,32,0.579021,0.220849,64.6485
531588,4184680.0,5814,5176,4,-0.00660143,0.173034,13.3484,77.1436,18159,5792,5174,3339,0.0950296,0,31,1.27315,0.216292,64.9107
531590,4184680.0,5814,5177,4,-0.00918239,0.148626,13.5353,91.0701,18159,5791,5174,3339,0.0792354,1,34,2.0906,0.185782,68.8213
530262,4184680.0,5815,4734,5,-0.00091622,0.602325,137.871,228.898,18159,5879,4769,3459,0.16905,65,35,0.524303,0.752906,219.098
531410,4184680.0,5815,5117,4,-0.0184813,0.504511,108.065,214.198,18159,5776,5060,3412,0.143903,82,13,9.89665,0.630639,205.296
531414,4184680.0,5815,5118,4,-0.0205557,0.499021,108.455,217.336,18159,5776,5060,3412,0.12525,82,14,11.1687,0.623777,207.783
531416,4184680.0,5815,5119,4,-0.0194256,0.493223,108.752,220.493,18159,5776,5060,3412,0.111559,84,13,10.708,0.616529,210.284
531420,4184680.0,5815,5120,4,-0.0185652,0.488007,109.103,223.568,18159,5776,5060,3412,0.101947,85,13,10.3765,0.610009,212.797
531422,4184680.0,5815,5121,4,-0.0180736,0.483075,109.393,226.451,18159,5776,5060,3412,0.102131,83,16,10.232,0.603844,215.323
531426,4184680.0,5815,5122,4,-0.0147864,0.478417,109.68,229.255,18159,5776,5060,3412,0.117114,81,19,8.47468,0.598021,217.861
531428,4184680.0,5815,5123,4,-0.0117779,0.360928,22.5768,62.5521,18159,5795,5124,3378,0.14687,11,13,1.84182,0.451159,58.5671
531432,4184680.0,5815,5124,4,-0.0143119,0.374679,22.9899,61.359,18159,5795,5124,3378,0.176099,11,14,2.19541,0.468349,58.5073
531434,4184680.0,5815,5125,4,-0.0084068,0.387676,23.4818,60.5707,18159,5795,5124,3378,0.215207,7,19,1.27301,0.484595,58.5336
531438,4184680.0,5815,5126,4,-0.00688897,0.395475,22.5121,56.9242,18159,5796,5125,3378,0.271181,8,11,0.980372,0.494344,55.5555
531440,4184680.0,5815,5127,4,-0.0181272,0.413421,22.0782,53.4036,18159,5797,5126,3378,0.327739,7,13,2.42014,0.516776,52.6925
531540,4184680.0,5815,5160,4,-0.0141276,0.397379,37.9308,95.4524,18159,5802,5133,3378,0.11567,27,14,3.37128,0.496724,91.8681
531542,4184680.0,5815,5161,4,-0.00755711,0.373466,38.2149,102.325,18159,5802,5133,3378,0.109777,33,13,1.9332,0.466833,94.5739
531546,4184680.0,5815,5162,4,-0.0111114,0.320558,38.4763,120.029,18159,5802,5133,3378,0.10691,38,17,3.33423,0.400698,97.2957
530262,4184690.0,5816,4734,5,-0.00731665,0.527052,84.1683,159.696,18159,5860,4762,3458,0.138028,45,26,2.9211,0.658816,157.617
531404,4184690.0,5816,5115,4,-0.0230521,0.509014,107.072,210.352,18159,5776,5060,3412,0.192552,90,4,12.1226,0.636267,202.108
531408,4184690.0,5816,5116,4,-0.0164966,0.503627,107.525,213.501,18159,5776,5060,3412,0.158877,91,4,8.80509,0.629534,204.546
531410,4184690.0,5816,5117,4,-0.0149212,0.498031,108.0,216.853,18159,5776,5060,3412,0.135561,91,5,8.08927,0.622539,206.999
531414,4184690.0,5816,5118,4,-0.0123579,0.482678,108.315,224.405,18159,5776,5060,3412,0.12676,84,17,6.93292,0.603347,209.467
531438,4184690.0,5816,5126,4,-0.00163277,0.364431,24.4502,67.0914,18159,5795,5124,3378,0.281673,11,15,0.273862,0.455539,61.7077
531440,4184690.0,5816,5127,4,-0.0241419,0.383948,23.9117,62.2785,18159,5796,5125,3378,0.320974,8,15,3.7588,0.479935,58.8608
531444,4184690.0,5816,5128,4,-0.0372718,0.405775,24.7078,60.8904,18159,5796,5125,3378,0.342913,10,14,5.67373,0.507218,59.0193
531536,4184690.0,5816,5159,4,-0.0288326,0.392343,37.4757,95.5179,18159,5802,5133,3378,0.164054,33,10,6.88507,0.490428,90.5856
531540,4184690.0,5816,5160,4,-0.0212089,0.362283,37.7866,104.301,18159,5802,5133,3378,0.127202,36,12,5.53028,0.452854,93.2309
530258,4184690.0,5817,4733,5,-0.0163181,0.612965,146.634,239.221,18159,5883,4771,3459,0.114137,69,36,9.75907,0.766206,228.345
530262,4184690.0,5817,4734,5,-0.0141765,0.462414,61.3978,132.777,18159,5853,4758,3458,0.125089,37,22,4.70577,0.578018,131.051
530364,4184690.0,5817,4768,1,-0.0206605,0.552192,53.1806,96.3082,18159,5848,4759,3458,0.356248,28,11,4.97444,0.69024,95.121
531398,4184690.0,5817,5113,4,-0.0348227,0.5104,105.664,207.022,18159,5776,5060,3412,0.277161,89,4,18.0227,0.638,199.096
531402,4184690.0,5817,5114,4,-0.0313133,0.505534,106.35,210.372,18159,5776,5060,3412,0.230938,88,6,16.4686,0.631917,201.481
531404,4184690.0,5817,5115,4,-0.0286623,0.496411,106.994,215.535,18159,5776,5060,3412,0.191584,84,13,15.4443,0.620513,203.883
531408,4184690.0,5817,5116,4,-0.0291158,0.481224,107.49,223.368,18159,5776,5060,3412,0.157376,92,8,16.2588,0.60153,206.3
531444,4184690.0,5817,5128,4,-0.0261216,0.355828,26.6245,74.824,18159,5795,5124,3378,0.325558,13,18,4.8863,0.444785,65.4443
531446,4184690.0,5817,5129,4,-0.0343332,0.385033,26.0944,67.7717,18159,5796,5125,3378,0.332481,12,12,5.81705,0.481292,62.5529
531450,4184690.0,5817,5130,4,-0.0363459,0.415541,25.8441,62.1938,18159,5797,5126,3378,0.334408,12,11,5.65123,0.519426,59.8266
531452,4184690.0,5817,5131,4,-0.0351409,0.442803,25.7826,58.226,18159,5798,5127,3378,0.33759,12,10,5.11528,0.553504,57.1107
531534,4184690.0,5817,5158,4,-0.0297417,0.387432,36.6387,94.5682,18159,5802,5133,3378,0.230372,34,9,7.03155,0.484289,89.4842
531536,4184690.0,5817,5159,4,-0.0338468,0.353262,37.185,105.262,18159,5802,5133,3378,0.191524,38,10,8.90696,0.441577,92.0628
530256,4184690.0,5818,4732,5,-0.0108663,0.624434,149.512,239.435,18159,5886,4769,3359,0.102956,73,33,6.50443,0.780543,231.35
530258,4184690.0,5818,4733,5,-0.0363746,0.631768,136.824,216.574,18159,5879,4769,3459,0.126823,64,32,19.6945,0.78971,214.396
530262,4184690.0,5818,4734,5,-0.0197158,0.469493,60.3008,128.438,18159,5852,4758,3458,0.136287,36,21,6.33063,0.586866,125.059
530364,4184690.0,5818,4768,1,-0.0205225,0.575218,56.8574,98.845,18159,5850,4760,3458,0.376276,28,11,5.07137,0.719022,97.7819
531392,4184690.0,5818,5111,4,-0.037568,0.508635,103.47,203.428,18159,5776,5060,3412,0.390876,79,13,19.1059,0.635793,196.267
531396,4184690.0,5818,5112,4,-0.0358908,0.501808,104.524,208.294,18159,5776,5060,3412,0.340339,86,9,18.6896,0.62726,198.596
531398,4184690.0,5818,5113,4,-0.035992,0.493742,105.457,213.587,18159,5776,5060,3412,0.286909,90,6,19.2186,0.617178,200.942
531450,4184690.0,5818,5130,4,-0.0304439,0.45618,116.324,254.995,18159,5776,5060,3412,0.328519,87,24,19.4076,0.570225,243.035
531452,4184690.0,5818,5131,4,-0.0298046,0.386703,28.2646,73.0912,18159,5796,5125,3378,0.322356,18,11,5.44613,0.483379,66.7003
531456,4184690.0,5818,5132,4,-0.0237218,0.421234,27.9205,66.2826,18159,5797,5126,3378,0.327713,14,12,3.93086,0.526542,63.8517
531530,4184690.0,5818,5157,4,-0.0197147,0.380313,35.6289,93.6832,18159,5802,5133,3378,0.254067,34,9,4.61734,0.475391,88.5726
531534,4184690.0,5818,5158,4,-0.0222453,0.346923,36.2177,104.397,18159,5802,5133,3378,0.241229,37,11,5.80586,0.433653,91.0775
530250,4184700.0,5819,4730,5,-0.00836455,0.62744,150.007,239.078,18159,5887,4768,3359,0.00883082,65,40,4.99945,0.7843,232.831
530256,4184700.0,5819,4732,5,-0.0298771,0.628773,145.82,231.911,18159,5883,4771,3459,0.120535,69,33,17.3221,0.785966,225.131
530258,4184700.0,5819,4733,5,-0.0230662,0.626599,130.389,208.09,18159,5877,4768,3459,0.155102,61,31,11.9996,0.783249,202.963
530360,4184700.0,5819,4767,1,-0.000488417,0.513699,40.575,78.9861,18159,5843,4756,3458,0.357926,21,13,0.0964454,0.642123,80.6562
531306,4184700.0,5819,5082,4,-0.062102,0.506024,74.2466,146.726,18159,5776,5060,3412,0.189314,56,8,22.7799,0.63253,142.998
531308,4184700.0,5819,5083,4,-0.0501037,0.502907,74.5345,148.207,18159,5776,5060,3412,0.185235,58,7,18.5643,0.628633,144.377
531312,4184700.0,5819,5084,4,-0.0307091,0.50085,74.8258,149.398,18159,5776,5060,3412,0.201027,60,6,11.4697,0.626063,145.807
531314,4184700.0,5819,5085,4,-0.0253435,0.49987,75.2457,150.531,18159,5776,5060,3412,0.2218,63,4,9.53745,0.624837,147.285
531344,4184700.0,5819,5095,4,-0.0243844,0.49176,82.5323,167.831,18159,5776,5060,3412,0.387954,73,4,10.2311,0.6147,164.364
531378,4184700.0,5819,5106,4,-0.0193929,0.509831,97.3285,190.903,18159,5776,5060,3412,0.380952,81,7,9.25541,0.637289,186.95
531380,4184700.0,5819,5107,4,-0.00541973,0.507709,98.3028,193.62,18159,5776,5060,3412,0.379621,81,8,2.62342,0.634636,189.155
531384,4184700.0,5819,5108,4,-0.00947512,0.505972,99.5717,196.793,18159,5776,5060,3412,0.397144,82,8,4.66159,0.632465,191.381
531392,4184700.0,5819,5111,4,-0.0242683,0.459754,103.094,224.238,18159,5776,5060,3412,0.383781,85,10,13.6047,0.574692,198.186
531458,4184700.0,5819,5133,4,-0.0310338,0.390185,29.2812,75.0443,18159,5797,5126,3378,0.316603,17,13,5.82227,0.487731,68.3118
531462,4184700.0,5819,5134,4,-0.0335287,0.432557,29.3651,67.8874,18159,5798,5127,3378,0.317576,19,8,5.69044,0.540696,65.2055
531464,4184700.0,5819,5135,4,-0.0439895,0.460385,29.3939,63.8464,18159,5799,5128,3378,0.326744,21,5,7.02142,0.575481,62.5286
531468,4184700.0,5819,5136,4,-0.0626452,0.484997,29.1408,60.0846,18159,5800,5129,3378,0.317126,20,5,9.41002,0.606246,59.487
531470,4184700.0,5819,5137,4,-0.0624549,0.512689,27.3141,53.2761,18159,5802,5131,3378,0.295331,21,1,8.31839,0.640862,52.5006
531528,4184700.0,5819,5156,4,-0.0320535,0.372674,34.6028,92.85,18159,5802,5133,3378,0.269124,33,10,7.44042,0.465842,87.8559
531530,4184700.0,5819,5157,4,-0.0241776,0.345211,35.2169,102.016,18159,5802,5133,3378,0.248943,34,12,6.16622,0.431514,90.281
530250,4184700.0,5820,4730,5,-0.0315514,0.630578,150.174,238.153,18159,5887,4768,3359,0.0532483,68,36,18.7852,0.788223,230.965
530252,4184700.0,5820,4731,5,-0.0378337,0.636126,149.196,234.538,18159,5886,4769,3359,0.112327,64,39,22.1836,0.795158,228.512
530360,4184700.0,5820,4767,1,-0.0131026,0.508549,39.5748,77.8191,18159,5843,4756,3458,0.343214,21,12,2.54908,0.635686,76.162
531296,4184700.0,5820,5079,4,-0.0282054,0.51535,66.5615,129.158,18159,5820,5038,3413,0.220242,49,3,9.10738,0.644187,124.503
531300,4184700.0,5820,5080,4,-0.0346909,0.504123,67.2761,133.452,18159,5820,5038,3413,0.199708,54,1,11.5739,0.630154,127.504
531302,4184700.0,5820,5081,4,-0.0560322,0.497223,67.8395,136.437,18159,5820,5038,3413,0.16771,55,1,19.1121,0.621529,130.504
531306,4184700.0,5820,5082,4,-0.0536071,0.489478,68.3318,139.601,18159,5820,5038,3413,0.13537,56,1,18.7091,0.611847,133.504
531308,4184700.0,5820,5083,4,-0.0428356,0.487252,68.6361,140.864,18159,5820,5038,3413,0.122556,51,5,15.0849,0.609065,136.502
531312,4184700.0,5820,5084,4,-0.0324549,0.491034,68.9927,140.505,18159,5820,5038,3413,0.145627,40,13,11.4002,0.613793,139.5
531314,4184700.0,5820,5085,4,-0.0294037,0.488696,75.4907,154.474,18159,5776,5060,3412,0.175957,58,10,11.3552,0.61087,149.891
531318,4184700.0,5820,5086,4,-0.0280508,0.489905,76.0522,155.238,18159,5776,5060,3412,0.193762,63,6,10.8864,0.612382,151.388
531320,4184700.0,5820,5087,4,-0.0316851,0.490057,76.597,156.302,18159,5776,5060,3412,0.198469,64,6,12.3811,0.612571,152.929
531324,4184700.0,5820,5088,4,-0.0231352,0.489551,77.1453,157.584,18159,5776,5060,3412,0.206929,64,7,9.11434,0.611938,154.514
531326,4184700.0,5820,5089,4,-0.0162821,0.487742,77.601,159.102,18159,5776,5060,3412,0.220067,65,7,6.47632,0.609678,156.141
531330,4184700.0,5820,5090,4,-0.0133686,0.486407,78.2508,160.875,18159,5776,5060,3412,0.230865,67,6,5.37667,0.608009,157.807
531332,4184700.0,5820,5091,4,-0.0182518,0.484582,78.9194,162.861,18159,5776,5060,3412,0.248475,66,8,7.43125,0.605727,159.513
531336,4184700.0,5820,5092,4,-0.00564285,0.482014,79.6296,165.202,18159,5776,5060,3412,0.2731,67,8,2.33052,0.602517,161.257
531338,4184700.0,5820,5093,4,-0.00145196,0.479403,80.5003,167.918,18159,5776,5060,3412,0.303113,68,8,0.609524,0.599254,163.037
531342,4184700.0,5820,5094,4,-0.00021236,0.477226,81.5757,170.937,18159,5776,5060,3412,0.337776,68,9,0.0907506,0.596532,164.853
531374,4184700.0,5820,5105,4,-0.052774,0.46824,96.3872,205.85,18159,5776,5060,3412,0.385629,78,10,27.1588,0.5853,186.852
531378,4184700.0,5820,5106,4,-0.0366405,0.467178,97.4702,208.636,18159,5776,5060,3412,0.338219,78,11,19.1113,0.583972,189.01
531380,4184700.0,5820,5107,4,-0.00997672,0.463895,98.2713,211.839,18159,5776,5060,3412,0.335435,80,10,5.28366,0.579869,191.192
531468,4184700.0,5820,5136,4,-0.0671671,0.422484,31.5738,74.7336,18159,5798,5127,3378,0.270733,22,8,12.5491,0.528105,70.2029
531470,4184700.0,5820,5137,4,-0.0604285,0.469069,30.2465,64.4819,18159,5800,5129,3378,0.22797,23,4,9.74137,0.586336,63.4383
531474,4184700.0,5820,5138,4,-0.0311297,0.478617,27.4597,57.3729,18159,5802,5132,3378,0.224991,22,1,4.46501,0.598272,55.864
531524,4184700.0,5820,5155,4,-0.041602,0.365833,33.3943,91.2829,18159,5802,5133,3378,0.339933,32,9,9.49387,0.457291,87.3396
531528,4184700.0,5820,5156,4,-0.0427246,0.344867,34.1655,99.0687,18159,5802,5133,3378,0.289643,32,12,10.5817,0.431083,89.6784
530246,4184700.0,5821,4729,5,-0.0372869,0.450803,56.5525,125.449,18159,5859,4730,3465,0.0916976,33,17,11.694,0.563503,112.513
530250,4184700.0,5821,4730,5,-0.0432168,0.631656,151.023,239.09,18159,5888,4768,3359,0.101271,73,31,25.8318,0.789571,231.043
530360,4184700.0,5821,4767,1,-0.0076703,0.53551,39.9507,74.6032,18159,5844,4757,3458,0.330879,20,12,1.43057,0.669387,73.867
531294,4184700.0,5821,5078,4,-0.0226839,0.46005,65.5623,142.511,18159,5820,5038,3413,0.296741,48,16,8.08179,0.575062,119.33
531474,4184700.0,5821,5138,4,-0.0408802,0.362597,34.7707,95.8936,18159,5796,5125,3378,0.189425,28,11,9.80037,0.453246,82.7378
531476,4184700.0,5821,5139,4,-0.052586,0.460873,28.4164,61.6577,18159,5802,5132,3378,0.180065,23,2,8.10583,0.576091,59.7026
531480,4184700.0,5821,5140,4,-0.0761322,0.446977,28.0949,62.8553,18159,5802,5133,3378,0.150058,18,7,11.9633,0.558721,59.4907
531482,4184700.0,5821,5141,4,-0.0750518,0.428269,28.1891,65.8209,18159,5802,5133,3378,0.136267,22,6,12.3499,0.535337,60.1641
531486,4184700.0,5821,5142,4,-0.0506012,0.409068,27.9937,68.4329,18159,5802,5133,3378,0.161948,21,8,8.65695,0.511335,61.226
531524,4184700.0,5821,5155,4,-0.0202488,0.334375,32.7442,97.9266,18159,5802,5133,3378,0.342022,31,15,4.95725,0.417968,89.2735
530244,4184710.0,5822,4728,5,-0.04147,0.426926,56.1564,131.537,18159,5859,4730,3465,0.214232,29,27,13.6371,0.533657,109.6
530246,4184710.0,5822,4729,5,-0.0709264,0.486152,56.5984,116.421,18159,5859,4730,3465,0.106251,31,16,20.6433,0.607691,109.513
530250,4184710.0,5822,4730,5,-0.0454204,0.529816,82.3262,155.386,18159,5871,4743,3465,0.144396,41,20,17.6443,0.66227,150.478
530360,4184710.0,5822,4767,1,-0.00118067,0.53862,41.1891,76.4715,18159,5845,4757,3458,0.334294,24,8,0.22572,0.673275,74.6024
530364,4184710.0,5822,4768,1,-0.000703316,0.714866,82.3365,115.178,18159,5860,4765,3458,0.326567,36,8,0.202516,0.893583,112.892
531486,4184710.0,5822,5142,4,-0.0470094,0.386572,28.2246,73.0126,18159,5802,5133,3378,0.046564,22,10,8.58069,0.483215,63.9161
531488,4184710.0,5822,5143,4,-0.0279116,0.380038,27.9999,73.6766,18159,5802,5133,3378,0.0696471,20,11,5.14107,0.475048,65.118
531492,4184710.0,5822,5144,4,-0.017167,0.37806,27.9463,73.9203,18159,5802,5133,3378,0.0803731,20,12,3.17248,0.472575,66.4619
531494,4184710.0,5822,5145,4,-0.0193381,0.372797,27.9543,74.9851,18159,5802,5133,3378,0.0982777,21,10,3.62518,0.465997,72.0112
530244,4184710.0,5823,4728,5,-0.0361493,0.489431,55.7219,113.85,18159,5859,4730,3465,0.237753,29,16,10.289,0.611789,106.604
530246,4184710.0,5823,4729,5,-0.0974644,0.503337,56.3702,111.993,18159,5859,4730,3465,0.154988,31,17,27.2883,0.629171,106.514
530250,4184710.0,5823,4730,1,-0.0578316,0.534933,73.1933,136.827,18159,5867,4739,3465,0.17344,33,21,19.7823,0.668666,133.545
530360,4184710.0,5823,4767,1,-0.00020958,0.600076,46.8562,78.0838,18159,5848,4759,3458,0.316976,26,6,0.0409121,0.750095,80.3991
531498,4184710.0,5823,5146,4,-0.0158665,0.352312,28.3102,80.3556,18159,5802,5133,3378,0.053485,21,14,3.1874,0.44039,76.1598
531500,4184710.0,5823,5147,4,-0.0146059,0.346554,28.4148,81.9925,18159,5802,5133,3378,0.0607241,23,13,2.99393,0.433192,77.7747
531504,4184710.0,5823,5148,4,-0.0148552,0.346484,28.6502,82.6883,18159,5802,5133,3378,0.0730109,23,12,3.07088,0.433105,79.4761
531506,4184710.0,5823,5149,4,-0.0209896,0.347067,28.8631,83.1628,18159,5802,5133,3378,0.100068,25,11,4.36389,0.433834,81.2515
531510,4184710.0,5823,5150,4,-0.0189725,0.34771,29.1712,83.8951,18159,5802,5133,3378,0.119235,27,10,3.97925,0.434638,83.1098
531512,4184710.0,5823,5151,4,-0.00410677,0.342413,29.5893,86.414,18159,5802,5133,3378,0.138912,27,11,0.887205,0.428016,85.0356
530232,4184710.0,5824,4724,5,-0.0193619,0.28123,53.2699,189.417,18159,5877,4695,3460,0.0903967,27,56,9.1687,0.351538,180.269
530234,4184710.0,5824,4725,5,-0.00987446,0.491284,53.8926,109.697,18159,5859,4730,3465,0.102188,32,11,2.708,0.614106,104.403
530244,4184710.0,5824,4728,5,-0.00533857,0.503595,55.1289,109.471,18159,5859,4730,3465,0.229875,29,15,1.46104,0.629494,103.607
530246,4184710.0,5824,4729,1,-0.0556458,0.519196,55.621,107.129,18159,5859,4730,3465,0.196295,31,12,14.9032,0.648995,103.514
530250,4184710.0,5824,4730,1,-0.0492108,0.548907,64.9104,118.254,18159,5863,4735,3465,0.182427,18,27,14.5484,0.686133,116.655
530252,4184710.0,5824,4731,1,-0.00229252,0.545358,74.2178,136.09,18159,5868,4740,3465,0.200484,28,24,0.779971,0.681698,133.081
530360,4184710.0,5824,4767,1,-0.00693786,0.64399,55.2128,85.7356,18159,5852,4761,3458,0.29001,25,8,1.48705,0.804987,84.4867
530226,4184720.0,5825,4722,5,-0.0229978,0.258956,39.9139,154.134,18159,5863,4694,3460,0.13525,23,44,8.86185,0.323695,142.549
530228,4184720.0,5825,4723,5,-0.0270303,0.40499,55.2546,136.434,18159,5860,4730,3465,0.120106,30,29,9.21967,0.506237,107.276
530246,4184720.0,5825,4729,1,-0.0158655,0.539904,54.8192,101.535,18159,5859,4730,3465,0.19044,35,5,4.02727,0.674879,100.528
530250,4184720.0,5825,4730,1,-0.0355816,0.56102,64.3977,114.787,18159,5863,4735,3465,0.180476,19,25,10.2108,0.701275,113.516
530252,4184720.0,5825,4731,1,-0.0114105,0.548712,65.32,119.042,18159,5864,4736,3465,0.162759,31,14,3.39583,0.68589,118.802
530360,4184720.0,5825,4767,1,-0.0273616,0.689397,62.8303,91.1381,18159,5855,4763,3458,0.288398,26,9,6.23421,0.861746,89.198
530364,4184720.0,5825,4768,1,-0.0140327,0.787749,136.488,173.263,18159,5881,4773,3459,0.266169,59,7,6.07836,0.984687,167.874
530204,4184720.0,5826,4715,5,-0.00356233,0.191386,20.8975,109.191,18159,5846,4690,3460,0.209005,3,41,0.972433,0.239232,95.1355
530214,4184720.0,5826,4718,1,-0.0273476,0.19825,22.8394,115.205,18159,5846,4690,3460,0.178916,3,44,7.87645,0.247812,101.914
530216,4184720.0,5826,4719,1,-0.0116997,0.204227,23.3112,114.144,18159,5846,4690,3460,0.181032,9,39,3.3386,0.255284,103.825
530220,4184720.0,5826,4720,1,-0.0109331,0.266863,38.7964,145.379,18159,5863,4694,3460,0.17665,23,43,3.97361,0.333579,136.583
530222,4184720.0,5826,4721,1,-0.0111118,0.270607,39.3293,145.337,18159,5863,4694,3460,0.150356,24,39,4.03741,0.338259,138.351
530226,4184720.0,5826,4722,1,-0.0138037,0.403241,54.6837,135.61,18159,5860,4730,3465,0.125299,28,29,4.67983,0.504051,103.758
530252,4184720.0,5826,4731,1,-0.0382495,0.564333,64.8364,114.89,18159,5864,4736,3465,0.197167,16,28,10.9862,0.705416,113.369
530256,4184720.0,5826,4732,1,-0.02409,0.564564,68.5818,121.477,18159,5866,4738,3465,0.173846,34,13,7.31598,0.705705,119.927
530258,4184720.0,5826,4733,1,-0.0554186,0.556423,73.1832,131.524,18159,5868,4740,3465,0.197491,33,17,18.2222,0.695528,126.671
530360,4184720.0,5826,4767,1,-0.0375215,0.764822,78.6715,102.862,18159,5860,4765,3458,0.332892,33,6,9.64887,0.956028,100.748
530364,4184720.0,5826,4768,1,-0.0435785,0.790637,136.787,173.008,18159,5882,4777,3359,0.289916,63,5,18.8486,0.988296,168.872
530210,4184720.0,5827,4717,1,-0.0377219,0.272217,37.2158,136.714,18159,5863,4694,3460,0.196942,23,39,12.8927,0.340272,129.025
530214,4184720.0,5827,4718,1,-0.0146993,0.27189,37.4752,137.832,18159,5863,4694,3460,0.182656,23,40,5.06509,0.339862,130.689
530216,4184720.0,5827,4719,1,-0.00653538,0.274011,37.9228,138.399,18159,5863,4694,3460,0.189386,25,35,2.26122,0.342513,132.399
530220,4184720.0,5827,4720,1,-0.0246712,0.376528,56.4949,150.042,18159,5863,4731,3465,0.193363,25,39,9.25429,0.47066,114.496
530252,4184720.0,5827,4731,1,-0.0549878,0.579377,62.9263,108.61,18159,5863,4735,3465,0.304111,15,26,14.9306,0.724221,107.314
530256,4184720.0,5827,4732,1,-0.0595083,0.575786,66.1878,114.952,18159,5865,4737,3465,0.304967,31,13,17.1015,0.719732,113.468
530258,4184720.0,5827,4733,1,-0.061134,0.579165,72.5659,125.294,18159,5868,4740,3465,0.35165,28,21,19.1493,0.723956,123.25
530360,4184720.0,5827,4767,1,-0.0227623,0.775376,83.1483,107.236,18159,5862,4765,3458,0.397765,35,5,6.10235,0.96922,105.304
530364,4184720.0,5827,4768,1,-0.0442401,0.810566,102.914,126.965,18159,5864,4783,3464,0.359243,45,8,14.0424,1.01321,120.776
530108,4184720.0,5828,4683,5,-0.0108373,0.113746,7.08585,62.2953,18159,5846,4689,3460,0.00526299,3,24,1.68778,0.142183,55.298
530112,4184720.0,5828,4684,5,-0.00644001,0.11016,7.09659,64.421,18159,5846,4689,3460,0.00415137,3,25,1.03718,0.137699,54.4315
530130,4184720.0,5828,4690,5,-0.0115716,0.11286,8.00836,70.9584,18159,5846,4689,3460,0.115316,3,27,2.05276,0.141075,52.6227
530132,4184720.0,5828,4691,5,-0.00677239,0.130895,8.3627,63.8884,18159,5846,4689,3460,0.149575,3,24,1.08169,0.163619,52.8706
530136,4184720.0,5828,4692,5,-0.0312976,0.140035,8.80392,62.8693,18159,5846,4689,3460,0.171893,3,23,4.91914,0.175044,53.3004
530138,4184720.0,5828,4693,5,-0.0593689,0.149565,9.54785,63.8374,18159,5846,4689,3460,0.144283,3,24,9.47489,0.186956,53.8664
530142,4184720.0,5828,4694,5,-0.0565546,0.141745,9.81226,69.2247,18159,5846,4689,3460,0.0898744,3,25,9.78744,0.177181,54.6522
530156,4184720.0,5828,4699,5,-0.0229173,0.179771,11.1121,61.8128,18159,5846,4690,3460,0.163218,3,23,3.54145,0.224714,59.5133
530160,4184720.0,5828,4700,5,-0.0387855,0.184438,11.5875,62.8263,18159,5846,4690,3460,0.128417,3,24,6.09187,0.230547,60.5164
530162,4184720.0,5828,4701,5,-0.0288471,0.182878,11.8981,65.0606,18159,5846,4690,3460,0.105447,3,25,4.69203,0.228598,61.9431
530166,4184720.0,5828,4702,5,-0.0026672,0.177231,12.0437,67.9547,18159,5846,4690,3460,0.107138,3,26,0.453122,0.221539,63.5729
530208,4184720.0,5828,4716,1,-0.0297123,0.276209,36.2346,131.185,18159,5863,4694,3460,0.240262,22,38,9.74453,0.345262,124.877
530210,4184720.0,5828,4717,1,-0.025424,0.277542,36.8741,132.86,18159,5863,4694,3460,0.212972,23,36,8.44456,0.346927,126.523
530214,4184720.0,5828,4718,1,-0.00568877,0.287254,37.1541,129.342,18159,5863,4694,3460,0.20386,33,25,1.8395,0.359067,128.032
530108,4184730.0,5829,4683,5,-0.00556356,0.117044,7.04977,60.2317,18159,5846,4689,3460,0.0253636,3,23,0.837757,0.146305,52.4583
530142,4184730.0,5829,4694,5,-0.0676733,0.182437,10.0538,55.1085,18159,5846,4690,3460,0.139987,5,19,9.32344,0.228047,51.3079
530144,4184730.0,5829,4695,5,-0.054651,0.175035,10.0808,57.5931,18159,5846,4690,3460,0.0444261,5,20,7.8688,0.218794,52.1776
530148,4184730.0,5829,4696,5,-0.0298794,0.167077,9.97937,59.7291,18159,5846,4689,3460,0.022382,5,22,4.46168,0.208846,53.2024
530150,4184730.0,5829,4697,5,-0.0139348,0.175453,9.99112,56.9448,18159,5846,4689,3460,0.0763712,5,21,1.98378,0.219316,54.3737
530204,4184730.0,5829,4715,1,-0.00499204,0.277136,35.0469,126.461,18159,5863,4694,3460,0.25732,22,34,1.57825,0.346421,120.734
530208,4184730.0,5829,4716,1,-0.0269098,0.279966,35.8203,127.945,18159,5863,4694,3460,0.258474,23,34,8.60746,0.349957,122.363
530210,4184730.0,5829,4717,1,-0.0227994,0.302275,49.0521,162.276,18159,5877,4695,3460,0.233558,32,37,9.2495,0.377844,156.905
530214,4184730.0,5829,4718,1,-0.0139446,0.411252,52.6364,127.991,18159,5861,4730,3465,0.216659,30,25,4.46194,0.514065,101.997
531270,4184730.0,5829,5070,4,-0.000759035,0.483898,53.0983,109.73,18159,5820,5038,3413,0.329026,44,4,0.208223,0.604873,98.7996
530096,4184730.0,5830,4679,5,-0.0134702,0.114471,6.94443,60.6656,18159,5846,4689,3460,0.0346691,3,22,2.04294,0.143088,54.9971
530204,4184730.0,5830,4715,1,-0.00556549,0.283047,34.7736,122.855,18159,5863,4694,3460,0.224548,24,29,1.70937,0.353808,118.18
530208,4184730.0,5830,4716,1,-0.015972,0.305782,47.9621,156.851,18159,5877,4695,3460,0.24223,29,38,6.26305,0.382227,152.493
530210,4184730.0,5830,4717,1,-0.0129307,0.412045,51.7019,125.476,18159,5862,4730,3465,0.239781,28,26,4.05625,0.515057,105.455
531266,4184730.0,5830,5069,4,-0.0184311,0.500729,51.8543,103.558,18159,5820,5038,3413,0.331952,39,5,4.77171,0.625911,96.5493
530096,4184730.0,5831,4679,5,-0.00326373,0.121416,6.82391,56.2025,18159,5846,4689,3460,0.0323116,3,21,0.458575,0.151771,52.4851
530198,4184730.0,5831,4713,1,-0.034399,0.288153,33.5151,116.31,18159,5863,4694,3460,0.22027,23,27,10.0024,0.360192,112.451
530202,4184730.0,5831,4714,1,-0.0358246,0.289815,34.0576,117.515,18159,5863,4694,3460,0.19476,27,26,10.5248,0.362269,113.93
530204,4184730.0,5831,4715,1,-0.00913652,0.309662,49.7923,160.795,18159,5880,4696,3461,0.199168,27,42,3.67278,0.387078,158.998
530264,4184730.0,5831,4735,1,-0.00389827,0.598009,66.8948,111.863,18159,5868,4740,3465,0.346094,28,15,1.09018,0.747511,110.482
530274,4184730.0,5831,4738,1,-0.00863009,0.705917,130.196,184.435,18159,5881,4770,3459,0.344869,64,17,3.97922,0.882396,178.035
531264,4184730.0,5831,5068,4,-0.0264507,0.506209,50.5559,99.8716,18159,5820,5038,3413,0.333632,39,5,6.60418,0.632762,94.7134
530196,4184740.0,5832,4712,1,-0.00367534,0.290386,32.3909,111.544,18159,5863,4694,3460,0.237258,23,25,1.02491,0.362983,108.268
530198,4184740.0,5832,4713,1,-0.0331584,0.29752,33.0915,111.224,18159,5863,4694,3460,0.239389,27,22,9.22006,0.3719,109.784
530202,4184740.0,5832,4714,1,-0.0411612,0.312005,47.9824,153.787,18159,5879,4696,3461,0.221712,32,32,15.8252,0.390007,149.761
530204,4184740.0,5832,4715,1,-0.0128446,0.40898,49.7541,121.654,18159,5862,4730,3465,0.210639,24,26,3.90648,0.511226,101.056
530270,4184740.0,5832,4737,1,-0.00972447,0.689282,139.725,202.711,18159,5890,4767,3359,0.334232,75,12,4.92815,0.861602,196.435
530274,4184740.0,5832,4738,1,-0.0199918,0.714543,137.687,192.692,18159,5886,4769,3359,0.360695,60,24,9.63065,0.893179,186.839
531260,4184740.0,5832,5067,4,-0.0297498,0.504763,49.2144,97.5,18159,5820,5038,3413,0.328062,38,4,7.25152,0.630954,93.1294
531264,4184740.0,5832,5068,4,-0.0318592,0.454752,49.9448,109.829,18159,5820,5038,3413,0.308467,46,3,8.74761,0.56844,96.6623
530196,4184740.0,5833,4712,1,-0.008346,0.301435,31.9839,106.106,18159,5863,4694,3460,0.22409,26,21,2.21389,0.376794,105.622
530198,4184740.0,5833,4713,1,-0.0132291,0.311564,45.0878,144.714,18159,5877,4695,3460,0.25285,29,34,4.78611,0.389455,140.91
530202,4184740.0,5833,4714,1,-0.0233564,0.412356,50.9453,123.547,18159,5863,4731,3465,0.256803,26,26,7.21402,0.515445,105.45
530270,4184740.0,5833,4737,1,-0.0156543,0.610124,70.7532,115.965,18159,5871,4743,3465,0.34492,37,6,4.53839,0.762655,113.941
530274,4184740.0,5833,4738,1,-0.0124159,0.715519,138.603,193.709,18159,5888,4768,3359,0.381127,65,19,6.01269,0.894399,189.204
531258,4184740.0,5833,5066,4,-0.019211,0.498949,47.8311,95.8638,18159,5820,5038,3413,0.308649,37,5,4.60409,0.623686,91.7605
531260,4184740.0,5833,5067,4,-0.0347863,0.463862,48.6512,104.883,18159,5820,5038,3413,0.306872,43,4,9.12121,0.579827,94.9706
530196,4184740.0,5834,4712,1,-0.0140433,0.313395,44.2317,141.137,18159,5877,4695,3460,0.188982,25,36,4.95508,0.391744,137.303
530198,4184740.0,5834,4713,1,-0.00373698,0.396947,49.7439,125.316,18159,5863,4731,3465,0.251176,25,25,1.17076,0.496184,102.661
530274,4184740.0,5834,4738,1,-0.0203143,0.670333,99.0444,147.754,18159,5881,4752,3465,0.39337,50,10,7.50381,0.837916,145.648
531254,4184740.0,5834,5065,4,-0.0151249,0.494067,46.5936,94.3061,18159,5820,5038,3413,0.273627,38,4,3.56592,0.617584,90.5346
531258,4184740.0,5834,5066,4,-0.0192355,0.463315,47.3009,102.092,18159,5820,5038,3413,0.279368,42,3,4.90949,0.579144,93.5612
530196,4184740.0,5835,4712,1,-0.0258692,0.31991,45.4895,142.195,18159,5879,4696,3461,0.214036,20,39,9.19614,0.399888,138.562
530198,4184740.0,5835,4713,1,-0.00632833,0.416662,49.0735,117.777,18159,5863,4731,3465,0.253243,25,24,1.86334,0.520828,101.589
531252,4184740.0,5835,5064,4,-0.0315962,0.49188,45.5831,92.6711,18159,5820,5038,3413,0.270384,37,5,7.32012,0.61485,89.4532
531254,4184740.0,5835,5065,4,-0.0316891,0.462386,46.257,100.04,18159,5820,5038,3413,0.251468,43,2,7.92544,0.577982,92.347
530090,4184750.0,5836,4677,5,-0.018568,0.147693,7.45184,50.455,18159,5846,4689,3460,0.101424,2,19,2.34211,0.184616,45.3016
530196,4184750.0,5836,4712,1,-0.0396153,0.491226,107.071,217.966,18159,5905,4728,3462,0.282439,60,28,21.587,0.614033,210.74
531146,4184750.0,5836,5029,2,-0.0163997,0.536911,37.0864,69.0736,18159,5813,5028,3413,0.384213,22,3,2.83197,0.671139,67.5476
531248,4184750.0,5836,5063,4,-0.0149729,0.489226,44.4692,90.8971,18159,5820,5038,3413,0.253726,38,2,3.40249,0.611533,88.5207
531252,4184750.0,5836,5064,4,-0.0296251,0.465654,45.2515,97.1785,18159,5820,5038,3413,0.25212,41,4,7.1973,0.582067,91.261
530088,4184750.0,5837,4676,5,-0.0401272,0.159727,7.84442,49.1113,18159,5846,4689,3460,0.0834643,2,19,4.92675,0.199659,45.5354
530192,4184750.0,5837,4711,1,-0.0121895,0.318046,41.6565,130.977,18159,5877,4695,3460,0.342491,24,33,3.99136,0.397557,127.538
530196,4184750.0,5837,4712,1,-0.026778,0.40602,47.3814,116.697,18159,5863,4731,3465,0.310602,23,23,7.8123,0.507525,96.7715
531144,4184750.0,5837,5028,2,-0.0394103,0.611291,45.873,75.0429,18159,5841,5004,3415,0.378102,26,5,7.39366,0.764113,71.9992
531246,4184750.0,5837,5062,4,-0.0210644,0.488783,43.5685,89.1366,18159,5820,5038,3413,0.199474,40,0,4.69403,0.610979,87.756
531248,4184750.0,5837,5063,4,-0.0182541,0.466193,44.1806,94.7689,18159,5820,5038,3413,0.209406,40,3,4.32479,0.582741,90.3692
530084,4184750.0,5838,4675,5,-0.053795,0.168342,8.75755,52.0224,18159,5847,4689,3460,0.0201124,1,21,6.99636,0.210427,50.7718
530088,4184750.0,5838,4676,5,-0.0405672,0.174424,8.56856,49.1248,18159,5847,4689,3460,0.100216,1,20,4.98214,0.21803,47.9397
531242,4184750.0,5838,5061,4,-0.0229824,0.491712,43.1523,87.7593,18159,5820,5038,3413,0.148696,40,0,5.04231,0.61464,87.1843
531246,4184750.0,5838,5062,4,-0.0185591,0.473199,43.437,91.7944,18159,5820,5038,3413,0.133772,40,1,4.25906,0.591499,89.6356
530084,4184760.0,5839,4675,5,-0.0521666,0.182202,9.46756,51.9618,18159,5848,4689,3460,0.062085,7,15,6.77667,0.227753,50.4558
530088,4184760.0,5839,4676,5,-0.0330917,0.191383,9.16949,47.9118,18159,5848,4689,3460,0.112312,7,14,3.96372,0.239228,48.2112
531156,4184760.0,5839,5032,2,-0.0258848,0.526812,34.8637,66.1787,18159,5817,5033,3413,0.394433,15,9,4.28256,0.658515,64.6317
531240,4184760.0,5839,5060,4,-0.0345423,0.491655,42.8077,87.0686,18159,5820,5038,3413,0.115142,39,1,7.51886,0.614568,86.8305
531242,4184760.0,5839,5061,4,-0.0294138,0.476037,43.1118,90.5639,18159,5820,5038,3413,0.0746945,39,2,6.65958,0.595046,89.1674
530084,4184760.0,5840,4675,5,-0.0162472,0.176925,9.03033,51.0404,18159,5848,4689,3460,0.0900703,7,14,2.07316,0.221157,48.9866
530190,4184760.0,5840,4710,1,-0.00871476,0.316336,39.9197,126.194,18159,5878,4695,3461,0.2167,26,26,2.74937,0.39542,122.334
531152,4184760.0,5840,5031,2,-0.0428027,0.597013,45.05,75.4591,18159,5841,5007,3415,0.381138,27,3,8.07463,0.746266,73.5257
531236,4184760.0,5840,5059,4,-0.0361146,0.491103,42.7224,86.9928,18159,5820,5038,3413,0.0990252,37,3,7.85428,0.613878,86.7558
531240,4184760.0,5840,5060,4,-0.0268321,0.477422,42.8322,89.7154,18159,5820,5038,3413,0.0348746,37,4,6.01814,0.596778,88.9456
531156,4184760.0,5841,5032,2,-0.014671,0.585013,46.5659,79.598,18159,5841,5007,3415,0.399472,29,3,2.91946,0.731266,76.5097
531234,4184760.0,5841,5058,4,-0.0225956,0.487987,42.6093,87.3165,18159,5820,5038,3413,0.0874729,37,3,4.93241,0.609984,86.9172
531236,4184760.0,5841,5059,4,-0.0197459,0.479273,42.7693,89.2378,18159,5820,5038,3413,0.0261016,37,4,4.4052,0.599092,88.9195
530084,4184770.0,5842,4675,5,-0.00499488,0.183105,8.68475,47.4304,18159,5848,4689,3460,0.0377051,7,14,0.592273,0.228882,46.5263
530190,4184770.0,5842,4710,1,-0.0034304,0.330833,43.4158,131.232,18159,5883,4697,3461,0.24,26,29,1.12544,0.413541,127.389
531230,4184770.0,5842,5057,4,-0.0252076,0.500796,44.0833,88.0265,18159,5820,5037,3413,0.0985336,35,6,5.54734,0.625995,87.1928
531234,4184770.0,5842,5058,4,-0.00903046,0.473628,42.7139,90.1844,18159,5820,5038,3413,0.0436465,37,4,2.03602,0.592035,89.1045
530084,4184770.0,5843,4675,5,-0.0228567,0.184052,8.78348,47.7228,18159,5848,4689,3460,0.0412351,7,15,2.72696,0.230065,45.5484
530192,4184770.0,5843,4711,1,-0.000285847,0.438813,42.2871,96.367,18159,5863,4731,3465,0.254695,23,16,0.0688655,0.548517,85.7198
531168,4184770.0,5843,5036,2,-0.024197,0.536332,38.5926,71.9565,18159,5819,5035,3413,0.394856,23,3,4.35283,0.670415,70.6351
531228,4184770.0,5843,5056,4,-0.0293044,0.499539,44.4589,88.9999,18159,5820,5037,3413,0.116578,33,8,6.52023,0.624424,87.6668
531230,4184770.0,5843,5057,4,-0.00521232,0.4822,44.2453,91.7572,18159,5820,5037,3413,0.0796194,36,6,1.19567,0.60275,89.405
530084,4184770.0,5844,4675,5,-0.0310969,0.206155,9.71292,47.1146,18159,5849,4689,3460,0.0287499,8,12,3.6628,0.257694,46.391
530190,4184770.0,5844,4710,1,-0.0151445,0.333452,38.0561,114.128,18159,5879,4696,3461,0.286603,17,31,4.32102,0.416815,111.258
530192,4184770.0,5844,4711,1,-0.0150006,0.443273,41.5232,93.674,18159,5863,4731,3465,0.257605,22,16,3.51292,0.554091,83.5723
531164,4184770.0,5844,5035,2,-0.026954,0.55492,51.8038,93.3537,18159,5841,5007,3415,0.368283,37,3,6.29063,0.69365,85.9015
531224,4184770.0,5844,5055,4,-0.0275804,0.497878,44.801,89.9839,18159,5820,5037,3413,0.121613,29,12,6.20448,0.622348,88.4115
531228,4184770.0,5844,5056,4,-0.0182774,0.479779,44.7025,93.1731,18159,5820,5037,3413,0.0957806,34,8,4.25741,0.599723,89.927
530084,4184780.0,5845,4675,5,-0.0265871,0.229185,10.3358,45.098,18159,5850,4689,3460,0.0318091,8,10,2.99756,0.286482,45.6154
530190,4184780.0,5845,4710,1,-0.0301155,0.335645,40.9297,121.944,18159,5883,4697,3461,0.301771,27,25,9.18098,0.419556,122.243
530192,4184780.0,5845,4711,1,-0.037807,0.449438,40.8987,90.9995,18159,5863,4731,3465,0.268011,22,15,8.60104,0.561798,81.4853
531168,4184780.0,5845,5036,2,-0.0160971,0.545819,53.3743,97.7875,18159,5841,5007,3415,0.39279,40,2,3.93524,0.682274,89.1855
531222,4184780.0,5845,5054,4,-0.0185683,0.496294,45.2089,91.0929,18159,5820,5037,3413,0.128251,29,12,4.2286,0.620367,89.3825
531224,4184780.0,5845,5055,4,-0.0125387,0.471582,45.035,95.4976,18159,5820,5037,3413,0.0989948,33,11,2.99354,0.589478,90.6028
530084,4184780.0,5846,4675,5,-0.0162485,0.280599,16.3953,58.4298,18159,5857,4691,3460,0.0369383,5,21,2.37349,0.350748,59.9613
530190,4184780.0,5846,4710,1,-0.0444258,0.523583,97.6262,186.458,18159,5905,4727,3462,0.317507,53,22,20.7088,0.654479,182.885
530192,4184780.0,5846,4711,1,-0.0496974,0.454218,40.1167,88.3204,18159,5863,4731,3465,0.298017,20,16,10.9732,0.567773,79.4714
531218,4184780.0,5846,5053,4,-0.026215,0.496051,45.7271,92.1823,18159,5820,5037,3413,0.122373,24,17,6.04139,0.620064,90.6412
531222,4184780.0,5846,5054,4,-0.0154234,0.469557,45.5399,96.985,18159,5820,5037,3413,0.117083,30,14,3.73959,0.586946,91.5719
530084,4184780.0,5847,4675,5,-0.0243985,0.305141,18.1672,59.5371,18159,5859,4691,3460,0.0501407,16,11,3.63154,0.381427,61.3794
530190,4184780.0,5847,4710,1,-0.0279489,0.527365,97.4274,184.744,18159,5905,4728,3462,0.319527,54,21,12.9085,0.659206,180.737
531180,4184780.0,5847,5040,2,-0.0199061,0.533956,45.3725,84.9743,18159,5819,5035,3413,0.388141,24,8,4.22876,0.667445,83.6919
531216,4184780.0,5847,5052,4,-0.0282243,0.505776,47.0729,93.0707,18159,5820,5036,3413,0.1056,23,19,6.56713,0.63222,92.1293
531218,4184780.0,5847,5053,4,-0.0333937,0.469348,46.0418,98.0974,18159,5820,5037,3413,0.0961199,29,15,8.18958,0.586685,92.7822
530082,4184780.0,5848,4674,5,-0.0154085,0.313845,22.2448,70.8782,18159,5863,4692,3460,0.0212188,11,21,2.73031,0.392307,71.2081
530084,4184780.0,5848,4675,5,-0.0186632,0.319325,18.7356,58.6725,18159,5860,4691,3460,0.0722904,13,14,2.73754,0.399156,61.6874
530184,4184780.0,5848,4708,1,-0.00648564,0.338175,32.5272,96.1846,18159,5877,4695,3460,0.177391,17,24,1.55955,0.422718,93.9626
531176,4184780.0,5848,5039,2,-0.0308468,0.570027,50.0349,87.7763,18159,5844,5012,3415,0.385951,32,4,6.76904,0.712534,83.2072
531182,4184780.0,5848,5041,2,-0.0184168,0.52787,45.0786,85.3973,18159,5820,5036,3413,0.371505,26,8,3.93185,0.659837,84.0134
531210,4184780.0,5848,5050,4,-0.00756352,0.512324,47.503,92.7207,18159,5820,5036,3413,0.181903,28,13,1.75324,0.640405,92.0928
531212,4184780.0,5848,5051,4,-0.0148082,0.502923,47.4488,94.346,18159,5820,5036,3413,0.125444,28,14,3.49273,0.628654,93.4014
531216,4184780.0,5848,5052,4,-0.0251572,0.465092,46.3929,99.7498,18159,5820,5037,3413,0.0788034,25,19,6.27356,0.581365,94.1958
530058,4184790.0,5849,4666,5,-0.046727,0.288963,90.6582,313.737,18159,5939,4661,3481,0.186184,19,115,36.6499,0.361204,269.643
530060,4184790.0,5849,4667,5,-0.0463595,0.314709,106.072,337.046,18159,5949,4664,3481,0.116558,27,113,39.0632,0.393387,298.655
530064,4184790.0,5849,4668,5,-0.0189926,0.313395,106.192,338.845,18159,5949,4664,3481,0.0802038,28,113,16.0889,0.391744,298.742
530066,4184790.0,5849,4669,5,-0.019322,0.310891,106.336,342.038,18159,5949,4664,3481,0.0698814,28,114,16.5222,0.388614,298.873
530070,4184790.0,5849,4670,5,-0.0417558,0.309367,106.698,344.891,18159,5949,4664,3481,0.0379252,28,115,36.003,0.386709,299.034
530072,4184790.0,5849,4671,5,-0.0317335,0.306623,106.804,348.325,18159,5949,4664,3481,0.00190854,28,118,27.634,0.383278,299.233
530076,4184790.0,5849,4672,5,-0.00304508,0.317982,34.2733,107.784,18159,5878,4692,3460,0.01558,16,32,0.820527,0.397477,106.655
530078,4184790.0,5849,4673,5,-0.0169748,0.321161,33.8783,105.487,18159,5877,4692,3460,0.023787,18,28,4.47655,0.401452,101.701
530082,4184790.0,5849,4674,5,-0.0298631,0.336237,23.2717,69.2122,18159,5864,4692,3460,0.0476892,10,22,5.16722,0.420296,72.1171
530184,4184790.0,5849,4708,1,-0.0309758,0.344671,32.0886,93.0992,18159,5877,4695,3460,0.208542,14,26,7.20955,0.430838,91.3052
531180,4184790.0,5849,5040,2,-0.0289181,0.564666,51.5565,91.3044,18159,5844,5012,3415,0.353489,33,5,6.60088,0.705833,86.6924
531186,4184790.0,5849,5042,2,-0.0211664,0.524238,46.5388,88.774,18159,5820,5036,3413,0.339845,25,9,4.69758,0.655298,87.5415
531206,4184790.0,5849,5049,4,-0.0154259,0.508789,48.2037,94.742,18159,5820,5036,3413,0.204436,26,15,3.65371,0.635986,93.5693
531210,4184790.0,5849,5050,4,-0.0171802,0.498598,48.0596,96.3896,18159,5820,5036,3413,0.168766,29,13,4.13997,0.623247,94.7739
530046,4184790.0,5850,4662,5,-0.027161,0.291978,88.6732,303.698,18159,5939,4661,3481,0.117822,19,112,20.6219,0.364973,266.175
530048,4184790.0,5850,4663,5,-0.011013,0.296313,89.875,303.312,18159,5940,4662,3481,0.10135,21,107,8.35089,0.370391,268.532
530058,4184790.0,5850,4666,5,-0.0124364,0.317078,105.379,332.346,18159,5949,4664,3481,0.185747,28,110,10.3329,0.396347,295.567
530060,4184790.0,5850,4667,5,-0.0255507,0.316069,105.755,334.595,18159,5949,4664,3481,0.15446,28,111,21.3728,0.395086,295.636
530186,4184790.0,5850,4709,1,-0.0245332,0.348014,31.6378,90.9097,18159,5877,4695,3460,0.207452,21,19,5.57577,0.435017,92.7944
530190,4184790.0,5850,4710,1,-0.0270232,0.543078,95.5236,175.893,18159,5905,4728,3462,0.155704,53,19,11.883,0.678848,172.255
530192,4184790.0,5850,4711,1,-0.0318048,0.475056,36.81,77.4855,18159,5863,4731,3465,0.191892,19,13,6.16102,0.59382,72.2226
531182,4184790.0,5850,5041,2,-0.0102058,0.551465,52.9836,96.0779,18159,5844,5012,3415,0.336111,36,4,2.45137,0.689331,90.103
531188,4184790.0,5850,5043,2,-0.00904641,0.51943,47.903,92.2221,18159,5820,5036,3413,0.329416,27,9,2.0857,0.649288,91.0699
531204,4184790.0,5850,5048,4,-0.0316746,0.507171,49.1103,96.8318,18159,5820,5036,3413,0.20211,28,13,7.66777,0.633964,95.2045
531206,4184790.0,5850,5049,4,-0.0206933,0.490242,48.7069,99.3528,18159,5820,5036,3413,0.186224,28,16,5.13983,0.612802,96.2865
530040,4184790.0,5851,4660,5,-0.0076723,0.291161,87.3669,300.064,18159,5939,4661,3481,0.207126,19,107,5.75545,0.363951,263.141
530042,4184790.0,5851,4661,5,-0.0230605,0.294124,87.8941,298.834,18159,5939,4661,3481,0.18245,19,110,17.2282,0.367655,263.141
530046,4184790.0,5851,4662,5,-0.0171179,0.310214,95.532,307.956,18159,5944,4663,3481,0.152382,23,106,13.1789,0.387767,279.586
530072,4184790.0,5851,4671,1,-0.0198707,0.33508,61.6974,184.127,18159,5911,4683,3472,0.0999865,17,54,9.14683,0.418851,182.019
530076,4184790.0,5851,4672,1,-0.00656027,0.331572,36.026,108.652,18159,5880,4693,3461,0.0911191,15,34,1.78197,0.414466,108.641
530192,4184790.0,5851,4711,1,-0.103743,0.489314,38.4662,78.6125,18159,5864,4732,3465,0.309473,19,14,20.3887,0.611642,75.8495
531186,4184790.0,5851,5042,2,-0.0109675,0.511731,73.9663,144.541,18159,5839,5001,3415,0.350252,59,3,3.96313,0.639664,129.544
531192,4184790.0,5851,5044,2,-0.0268984,0.514703,49.2407,95.6683,18159,5820,5036,3413,0.282436,29,9,6.4333,0.643378,94.6257
531200,4184790.0,5851,5047,4,-0.0437504,0.508371,49.9273,98.2104,18159,5820,5036,3413,0.173487,36,5,10.7419,0.635463,97.0034
531204,4184790.0,5851,5048,4,-0.0244168,0.483167,49.5296,102.51,18159,5820,5036,3413,0.177353,27,19,6.25742,0.603959,97.956
530042,4184800.0,5852,4661,5,-0.00428081,0.319593,98.556,308.379,18159,5946,4663,3481,0.1893,27,100,3.30028,0.399492,283.105
530072,4184800.0,5852,4671,1,-0.0162297,0.338957,61.4048,181.158,18159,5911,4683,3472,0.114449,20,50,7.35034,0.423697,179.144
531188,4184800.0,5852,5043,2,-0.025414,0.47545,52.7721,110.994,18159,5818,5034,3413,0.291952,38,8,7.05202,0.594312,103.719
531194,4184800.0,5852,5045,2,-0.0253099,0.507078,50.1834,98.9658,18159,5820,5036,3413,0.196425,29,11,6.26205,0.633848,98.2361
531198,4184800.0,5852,5046,4,-0.0410333,0.508163,50.4316,99.2431,18159,5820,5036,3413,0.155368,37,4,10.1807,0.635204,98.968
531200,4184800.0,5852,5047,4,-0.0305893,0.484742,50.2555,103.675,18159,5820,5036,3413,0.155003,29,15,7.92836,0.605928,99.8009
530024,4184800.0,5853,4655,5,-0.0273732,0.300217,85.6974,285.451,18159,5939,4661,3481,0.0421047,19,100,19.5343,0.375272,257.666
530028,4184800.0,5853,4656,5,-0.00128087,0.29923,85.6037,286.08,18159,5939,4661,3481,0.0371566,19,101,0.916079,0.374037,257.491
530036,4184800.0,5853,4659,5,-0.0024384,0.298893,86.3774,288.991,18159,5939,4661,3481,0.143945,19,104,1.76169,0.373617,257.177
530072,4184800.0,5853,4671,1,-0.0108424,0.342568,61.0271,178.146,18159,5911,4683,3472,0.111956,20,49,4.82881,0.42821,176.208
530076,4184800.0,5853,4672,1,-0.000474639,0.341162,37.5497,110.064,18159,5882,4694,3461,0.122891,20,30,0.130602,0.426452,109.854
531192,4184800.0,5853,5044,2,-0.00935958,0.487269,52.2905,107.313,18159,5819,5035,3413,0.216011,36,10,2.51102,0.609086,103.845
531198,4184800.0,5853,5046,4,-0.0314776,0.496946,50.8149,102.255,18159,5820,5036,3413,0.139919,37,5,8.04682,0.621182,101.836
530012,4184800.0,5854,4651,5,-0.048961,0.303359,85.4133,281.559,18159,5939,4661,3481,0.0147495,20,98,34.4634,0.379199,256.196
530016,4184800.0,5854,4652,5,-0.0204997,0.304444,85.2533,280.03,18159,5939,4661,3481,0.0386237,20,99,14.3513,0.380555,255.88
530022,4184800.0,5854,4654,5,-0.00897353,0.304199,85.275,280.327,18159,5939,4661,3481,0.0809129,19,98,6.28881,0.380248,254.884
530024,4184800.0,5854,4655,5,-0.0235493,0.304528,85.5926,281.067,18159,5939,4661,3481,0.0746153,19,101,16.5473,0.38066,254.672
530076,4184800.0,5854,4672,1,-0.00465096,0.359996,47.7403,132.613,18159,5890,4697,3461,0.125243,31,29,1.54195,0.449996,132.661
531194,4184800.0,5854,5045,2,-0.0161022,0.484572,51.1716,105.602,18159,5820,5036,3413,0.159226,29,13,4.25104,0.605715,104.161
531198,4184800.0,5854,5046,4,-0.0352655,0.485209,51.2056,105.533,18159,5820,5036,3413,0.126251,37,6,9.30421,0.606511,104.703
530006,4184800.0,5855,4649,5,-0.0395125,0.294127,103.463,351.764,18159,5967,4620,3487,0.0259506,34,110,34.7477,0.367659,345.291
530010,4184800.0,5855,4650,5,-0.0432648,0.307072,85.4695,278.337,18159,5939,4661,3481,0.059222,19,97,30.1055,0.38384,253.787
530012,4184800.0,5855,4651,5,-0.0260501,0.307314,85.2704,277.47,18159,5939,4661,3481,0.0943252,20,95,18.0703,0.384142,253.237
530072,4184800.0,5855,4671,1,-0.00258247,0.352161,60.3979,171.506,18159,5911,4683,3472,0.101563,14,53,1.10728,0.440202,170.135
530076,4184800.0,5855,4672,1,-0.00321393,0.349855,60.2214,172.132,18159,5911,4683,3472,0.125696,27,45,1.38305,0.437319,169.837
531194,4184800.0,5855,5045,4,-0.0364487,0.475655,51.6782,108.646,18159,5820,5036,3413,0.122775,29,14,9.90003,0.594569,107.063
530004,4184810.0,5856,4648,5,-0.0531545,0.284797,84.5978,297.046,18159,5945,4609,3486,0.0482066,24,105,39.4733,0.355997,293.141
530006,4184810.0,5856,4649,5,-0.0188914,0.319926,76.641,239.558,18159,5934,4658,3481,0.0763362,28,66,11.314,0.399908,233.906
530076,4184810.0,5856,4672,1,-0.0172102,0.356288,59.8917,168.099,18159,5911,4683,3472,0.147732,17,50,7.23255,0.44536,166.62
530078,4184810.0,5856,4673,1,-0.00779534,0.366524,55.3057,150.893,18159,5896,4700,3462,0.159762,32,34,2.94065,0.458154,146.443
530082,4184810.0,5856,4674,1,-0.00945403,0.375956,31.2026,82.9955,18159,5877,4692,3460,0.155259,19,19,1.9616,0.469944,83.7709
531188,4184810.0,5856,5043,4,-0.0378734,0.591575,53.9088,91.1276,18159,5847,5014,3415,0.176428,29,8,8.62829,0.739469,92.9221
531192,4184810.0,5856,5044,4,-0.0453274,0.531113,54.387,102.402,18159,5846,5014,3415,0.112579,32,9,11.6041,0.663891,96.5653
530004,4184810.0,5857,4648,5,-0.0188049,0.28662,84.1473,293.585,18159,5945,4609,3486,0.0790379,24,104,13.8021,0.358275,290.4
530078,4184810.0,5857,4673,1,-0.00887775,0.359757,59.2343,164.651,18159,5911,4683,3472,0.195448,21,42,3.65432,0.449696,163.308
530082,4184810.0,5857,4674,1,-0.0192498,0.37071,35.7983,96.5668,18159,5882,4694,3461,0.187163,20,24,4.64722,0.463387,96.742
531188,4184810.0,5857,5043,4,-0.0368224,0.589268,54.2646,92.0883,18159,5847,5014,3415,0.141091,34,4,8.47728,0.736584,90.4279
531192,4184810.0,5857,5044,4,-0.0365953,0.505186,54.8214,108.517,18159,5845,5014,3415,0.082449,40,7,9.92804,0.631482,98.8863
530004,4184810.0,5858,4648,5,-0.0159237,0.289246,84.0449,290.565,18159,5945,4609,3486,0.102707,24,103,11.5672,0.361558,287.663
530082,4184810.0,5858,4674,1,-0.0143035,0.355919,58.7055,164.941,18159,5899,4703,3462,0.214312,45,26,5.89808,0.444898,150.881
531188,4184810.0,5858,5043,4,-0.0493607,0.581652,54.622,93.9083,18159,5847,5014,3415,0.118831,34,5,11.5885,0.727065,91.6447
530004,4184820.0,5859,4648,5,-0.0206455,0.290852,83.6374,287.56,18159,5945,4609,3486,0.138922,24,102,14.8421,0.363565,284.932
530082,4184820.0,5859,4674,1,-0.0222853,0.364925,57.7854,158.349,18159,5911,4683,3472,0.239028,21,39,8.82213,0.456157,156.928
530084,4184820.0,5859,4675,1,-0.0211494,0.384576,34.9711,90.9341,18159,5883,4694,3461,0.246772,20,22,4.808,0.48072,93.7784
531186,4184820.0,5859,5042,4,-0.0501054,0.597591,54.6414,91.4362,18159,5847,5014,3415,0.191484,28,11,11.4536,0.746989,90.6463
531188,4184820.0,5859,5043,4,-0.0747484,0.56777,55.0324,96.9273,18159,5847,5014,3415,0.0937482,33,7,18.1129,0.709712,92.7241
530004,4184820.0,5860,4648,5,-0.0319502,0.292503,83.2403,284.579,18159,5945,4609,3486,0.193251,24,101,22.7309,0.365629,282.207
530012,4184820.0,5860,4651,1,-0.0208024,0.334015,75.2711,225.353,18159,5934,4658,3481,0.168849,22,64,11.7197,0.417518,221.542
530078,4184820.0,5860,4673,1,-0.011289,0.369144,57.2271,155.026,18159,5911,4683,3472,0.261424,17,43,4.37524,0.46143,154.196
530082,4184820.0,5860,4674,1,-0.034435,0.369099,57.2078,154.993,18159,5911,4683,3472,0.262392,18,41,13.343,0.461373,153.851
530084,4184820.0,5860,4675,1,-0.0327533,0.39397,49.5994,125.896,18159,5893,4699,3461,0.279813,31,25,10.3088,0.492463,123.004
530088,4184820.0,5860,4676,1,-0.0133882,0.396627,28.7578,72.5059,18159,5878,4692,3460,0.288091,14,19,2.42681,0.495783,72.884
531186,4184820.0,5860,5042,4,-0.0597538,0.593249,55.0871,92.8566,18159,5847,5014,3415,0.145837,30,10,13.8713,0.741561,92.0493
530000,4184820.0,5861,4647,5,-0.0309856,0.28008,69.1723,246.974,18159,5933,4610,3486,0.206392,17,91,19.1316,0.350099,244.813
530004,4184820.0,5861,4648,5,-0.0282501,0.293104,82.5353,281.59,18159,5945,4609,3486,0.216135,24,100,19.8874,0.36638,279.487
530012,4184820.0,5861,4651,1,-0.00909633,0.334524,74.6946,223.286,18159,5934,4658,3481,0.173284,28,59,5.07771,0.418155,218.374
530016,4184820.0,5861,4652,1,-0.00750314,0.325171,82.9266,255.024,18159,5939,4661,3481,0.148134,16,90,4.78371,0.406464,234.072
530082,4184820.0,5861,4674,1,-0.0284948,0.370241,56.2347,151.887,18159,5911,4683,3472,0.306554,15,43,10.82,0.462801,150.786
530084,4184820.0,5861,4675,1,-0.0433804,0.36828,56.3925,153.124,18159,5911,4684,3472,0.323561,26,34,16.6064,0.46035,150.728
530088,4184820.0,5861,4676,1,-0.0310801,0.387334,33.877,87.4621,18159,5884,4694,3461,0.316065,22,18,6.79582,0.484167,88.6673
531182,4184820.0,5861,5041,4,-0.0521474,0.600371,54.9105,91.4609,18159,5847,5014,3415,0.234304,37,3,11.9236,0.750464,90.878
531186,4184820.0,5861,5042,4,-0.0659188,0.5866,55.3335,94.3291,18159,5847,5014,3415,0.0831017,35,6,15.5452,0.73325,93.4622
530000,4184830.0,5862,4647,5,-0.0185853,0.279587,68.6125,245.407,18159,5933,4610,3486,0.158495,14,95,11.4024,0.349484,241.279
530012,4184830.0,5862,4651,1,-0.00328319,0.336089,74.1283,220.562,18159,5934,4658,3481,0.168419,28,58,1.81036,0.420111,218.473
530016,4184830.0,5862,4652,1,-0.00613755,0.329558,82.5045,250.349,18159,5939,4661,3481,0.148214,23,80,3.84132,0.411948,230.998
530084,4184830.0,5862,4675,1,-0.0232234,0.369094,55.0509,149.151,18159,5911,4683,3472,0.358508,23,39,8.6595,0.461368,147.548
530088,4184830.0,5862,4676,1,-0.0257682,0.395757,42.8376,108.242,18159,5891,4697,3461,0.350215,27,22,6.97301,0.494696,109.083
531182,4184830.0,5862,5041,4,-0.0639639,0.595181,55.2458,92.8219,18159,5847,5014,3415,0.179754,39,2,14.8431,0.743976,92.3483
531186,4184830.0,5862,5042,4,-0.0628174,0.571399,55.4888,97.1105,18159,5847,5014,3415,0.0370208,36,6,15.2506,0.714249,94.8372
529998,4184830.0,5863,4646,5,-0.0674768,0.230415,92.2487,400.358,18159,5970,4585,3491,0.117702,15,160,67.5372,0.288019,368.658
530000,4184830.0,5863,4647,5,-0.0276647,0.281798,68.2801,242.301,18159,5933,4610,3486,0.152069,14,94,16.758,0.352248,238.658
530084,4184830.0,5863,4675,1,-0.0084523,0.369267,53.8452,145.816,18159,5911,4683,3472,0.377667,19,36,3.08121,0.461584,144.576
530088,4184830.0,5863,4676,1,-0.0251235,0.379325,51.3739,135.435,18159,5897,4701,3462,0.381834,26,32,8.50649,0.474156,127.268
530090,4184830.0,5863,4677,1,-0.0354177,0.389983,31.5089,80.7954,18159,5884,4694,3461,0.389443,19,18,7.15398,0.487479,82.0752
531182,4184830.0,5863,5041,4,-0.0730515,0.589716,55.5867,94.26,18159,5847,5014,3415,0.116739,40,2,17.2146,0.737145,93.8739
529998,4184830.0,5864,4646,5,-0.0902437,0.285447,65.7072,230.191,18159,5931,4610,3486,0.181405,10,92,51.9331,0.356809,228.981
530000,4184830.0,5864,4647,1,-0.0295437,0.285328,67.8538,237.81,18159,5933,4610,3486,0.18297,15,90,17.5645,0.35666,236.779
530084,4184830.0,5864,4675,1,-0.0103275,0.369908,52.7779,142.678,18159,5911,4683,3472,0.383143,17,37,3.68379,0.462385,141.551
531180,4184830.0,5864,5040,4,-0.0630434,0.594547,55.4024,93.1843,18159,5847,5014,3415,0.214126,41,1,14.6866,0.743184,92.963
531182,4184830.0,5864,5041,4,-0.0787039,0.58122,55.7885,95.9852,18159,5847,5014,3415,0.0360368,40,3,18.886,0.726525,95.4481
529994,4184840.0,5865,4645,5,-0.0625152,0.28357,63.4334,223.696,18159,5930,4610,3486,0.31109,10,89,34.9609,0.354463,221.943
529998,4184840.0,5865,4646,1,-0.0562458,0.285531,65.1001,227.996,18159,5931,4610,3486,0.277024,12,89,32.0596,0.356914,225.862
530000,4184840.0,5865,4647,1,-0.032594,0.282366,65.901,233.389,18159,5932,4610,3486,0.219633,15,88,19.0177,0.352957,229.71
530010,4184840.0,5865,4650,1,-0.00841145,0.310591,99.3329,319.819,18159,5967,4620,3487,0.136884,34,97,6.72536,0.388238,317.141
530012,4184840.0,5865,4651,1,-0.0283764,0.347702,73.0125,209.986,18159,5934,4658,3481,0.121177,22,57,14.8966,0.434627,206.637
530016,4184840.0,5865,4652,1,-0.0265021,0.339422,81.3384,239.638,18159,5939,4661,3481,0.121375,27,73,15.8773,0.424277,221.977
530916,4184840.0,5865,4952,1,-0.0193492,0.671818,166.896,248.424,18159,5806,4895,3439,0.342151,98,17,12.017,0.839772,247.498
530918,4184840.0,5865,4953,1,-0.0189753,0.671563,167.717,249.741,18159,5806,4895,3439,0.322945,86,30,11.8473,0.839453,249.52
531180,4184840.0,5865,5040,4,-0.076798,0.588092,55.7651,94.8237,18159,5847,5014,3415,0.115869,42,1,18.2057,0.735116,94.6518
529992,4184840.0,5866,4644,5,-0.0154916,0.281303,61.8217,219.769,18159,5930,4610,3486,0.342507,13,84,8.51141,0.351629,215.618
529998,4184840.0,5866,4646,1,-0.0256831,0.283003,63.952,225.977,18159,5931,4610,3486,0.335639,13,87,14.5095,0.353753,222.649
530000,4184840.0,5866,4647,1,-0.0292607,0.283048,65.3036,230.716,18159,5932,4610,3486,0.26476,15,87,16.8772,0.35381,226.872
530004,4184840.0,5866,4648,1,-0.0194266,0.285828,67.8547,237.397,18159,5934,4610,3486,0.194128,9,96,11.5296,0.357285,234.184
530006,4184840.0,5866,4649,1,-0.00503501,0.31218,98.7849,316.435,18159,5967,4620,3487,0.17101,36,93,3.98314,0.390225,313.7
530010,4184840.0,5866,4650,1,-0.0183208,0.345977,72.4888,209.519,18159,5934,4658,3481,0.171708,23,58,9.59638,0.432471,205.938
530012,4184840.0,5866,4651,1,-0.04326,0.355513,73.4729,206.667,18159,5934,4659,3481,0.169497,25,54,22.3511,0.444391,203.752
530912,4184840.0,5866,4951,1,-0.0164975,0.522453,68.213,130.563,18159,5868,4910,3450,0.353748,45,7,5.38491,0.653066,124.496
530916,4184840.0,5866,4952,1,-0.0346097,0.636111,165.312,259.879,18159,5807,4895,3439,0.336312,90,25,22.4859,0.795138,246.228
530918,4184840.0,5866,4953,1,-0.0304686,0.659292,168.192,255.11,18159,5806,4895,3439,0.303982,98,19,19.4321,0.824114,251.83
530922,4184840.0,5866,4954,1,-0.0162633,0.662123,168.923,255.124,18159,5806,4895,3439,0.290986,100,18,10.3729,0.827653,253.839
531176,4184840.0,5866,5039,4,-0.0631645,0.590619,55.5988,94.1365,18159,5847,5014,3415,0.176699,43,0,14.8652,0.738273,93.9981
531180,4184840.0,5866,5040,4,-0.0679061,0.576715,55.8858,96.9036,18159,5847,5014,3415,0.0177262,43,1,16.4509,0.720894,96.3793
530000,4184840.0,5867,4647,1,-0.0221642,0.286466,65.6671,229.232,18159,5933,4610,3486,0.302293,15,87,12.7019,0.358083,228.526
530004,4184840.0,5867,4648,1,-0.0330992,0.291643,69.8689,239.57,18159,5936,4610,3486,0.260548,10,96,19.8239,0.364553,236.447
530006,4184840.0,5867,4649,1,-0.034589,0.313572,98.2572,313.348,18159,5967,4620,3487,0.228917,35,95,27.096,0.391964,310.658
530094,4184840.0,5867,4678,1,-0.00958971,0.388226,36.6461,94.3938,18159,5891,4697,3461,0.345514,20,22,2.26302,0.485282,91.7877
530916,4184840.0,5867,4952,1,-0.0269045,0.549003,67.952,123.774,18159,5869,4911,3450,0.329144,37,11,8.32517,0.686253,124.722
530918,4184840.0,5867,4953,1,-0.0285264,0.539609,68.7298,127.37,18159,5868,4911,3450,0.294031,36,12,9.08349,0.674511,127.512
530922,4184840.0,5867,4954,1,-0.0156503,0.524598,69.5045,132.491,18159,5868,4911,3450,0.279253,46,7,5.1838,0.655747,130.571
530924,4184840.0,5867,4955,1,-0.00368652,0.633375,170.017,268.43,18159,5806,4895,3439,0.290483,101,19,2.47393,0.791719,258.673
530928,4184840.0,5867,4956,1,-0.0124113,0.648251,170.858,263.568,18159,5806,4895,3439,0.302799,100,21,8.17806,0.810314,260.257
530930,4184840.0,5867,4957,1,-0.0244935,0.65075,171.831,264.051,18159,5806,4895,3439,0.301628,96,26,16.1688,0.813437,262.312
530934,4184840.0,5867,4958,1,-0.00830926,0.65093,172.637,265.217,18159,5806,4895,3439,0.298719,88,35,5.50938,0.813662,264.363
531174,4184840.0,5867,5038,4,-0.0607235,0.593561,55.6121,93.6923,18159,5847,5014,3415,0.235421,41,2,14.2233,0.741951,93.5291
531176,4184840.0,5867,5039,4,-0.0482427,0.580977,55.8401,96.1142,18159,5847,5014,3415,0.0818168,43,1,11.592,0.726221,95.8336
530000,4184840.0,5868,4647,1,-0.000340235,0.283676,64.7112,228.116,18159,5933,4610,3486,0.311116,9,92,0.194033,0.354595,224.723
530004,4184840.0,5868,4648,1,-0.00710507,0.312608,97.0978,310.606,18159,5967,4619,3487,0.297062,22,105,5.5172,0.39076,308.188
530094,4184840.0,5868,4678,1,-0.0171654,0.374244,45.0404,120.35,18159,5897,4701,3462,0.346392,22,31,5.16466,0.467805,110.998
530922,4184840.0,5868,4954,1,-0.0105037,0.542588,69.7468,128.545,18159,5869,4911,3450,0.280315,30,17,3.37549,0.678235,130.558
530924,4184840.0,5868,4955,1,-0.00584396,0.535442,70.5935,131.842,18159,5869,4911,3450,0.28604,32,18,1.9262,0.669302,133.561
530928,4184840.0,5868,4956,1,-0.00286608,0.526884,71.4174,135.547,18159,5869,4911,3450,0.29852,34,17,0.97122,0.658605,136.566
530930,4184840.0,5868,4957,1,-0.00380472,0.519239,72.3422,139.324,18159,5869,4911,3450,0.307089,39,15,1.32522,0.649048,139.572
530934,4184840.0,5868,4958,1,-0.00902393,0.504892,73.1609,144.904,18159,5868,4911,3450,0.307739,49,9,3.26902,0.631115,142.506
530936,4184840.0,5868,4959,1,-0.0171301,0.63467,173.724,273.723,18159,5806,4895,3439,0.297806,104,21,11.7223,0.793338,268.807
531174,4184840.0,5868,5038,4,-0.0653759,0.585363,56.0435,95.7415,18159,5847,5014,3415,0.160625,41,3,15.648,0.731704,95.479
531176,4184840.0,5868,5039,4,-0.0349058,0.560091,55.9657,99.9225,18159,5847,5014,3415,0.0705967,43,2,8.71969,0.700114,97.6893
529986,4184850.0,5869,4642,1,-0.000996958,0.228272,85.318,373.755,18159,5970,4585,3491,0.361327,10,153,0.931546,0.285341,346.706
529988,4184850.0,5869,4643,1,-0.00472693,0.27912,58.6671,210.186,18159,5930,4610,3486,0.344456,8,85,2.48384,0.3489,208.628
529992,4184850.0,5869,4644,1,-0.0123767,0.281972,60.3078,213.879,18159,5931,4610,3486,0.317505,10,85,6.61778,0.352465,212.982
529994,4184850.0,5869,4645,1,-0.00526641,0.284545,61.8683,217.429,18159,5932,4610,3486,0.31353,16,81,2.86267,0.355681,217.919
530090,4184850.0,5869,4677,1,-0.0116366,0.36976,46.8704,126.759,18159,5911,4683,3472,0.352229,18,29,3.6876,0.4622,125.848
530094,4184850.0,5869,4678,1,-0.0140593,0.366086,46.7762,127.774,18159,5911,4684,3472,0.353136,21,28,4.49103,0.457607,125.679
530096,4184850.0,5869,4679,1,-0.0201349,0.390384,34.2392,87.7063,18159,5891,4697,3461,0.373592,16,23,4.4149,0.48798,85.2422
531174,4184850.0,5869,5038,4,-0.056759,0.574672,56.371,98.0925,18159,5847,5014,3415,0.115563,42,3,13.9191,0.71834,97.4637
529986,4184850.0,5870,4642,1,-0.000722171,0.27829,57.1918,205.511,18159,5930,4610,3486,0.351234,10,81,0.371036,0.347863,205.553
529988,4184850.0,5870,4643,1,-0.00472336,0.281943,58.9326,209.023,18159,5931,4610,3486,0.336978,8,85,2.46823,0.352429,209.65
529992,4184850.0,5870,4644,1,-0.00248258,0.279664,59.4326,212.514,18159,5931,4610,3486,0.324282,13,81,1.31896,0.34958,209.269
530000,4184850.0,5870,4647,1,-0.0146302,0.298605,71.4618,239.319,18159,5939,4609,3486,0.28512,21,85,8.75318,0.373256,237.317
530004,4184850.0,5870,4648,1,-0.0102606,0.314185,95.5081,303.987,18159,5967,4620,3487,0.266936,34,90,7.79775,0.392731,301.197
530090,4184850.0,5870,4677,1,-0.0163203,0.370545,45.8099,123.628,18159,5911,4683,3472,0.367166,15,31,5.04414,0.463182,122.808
530094,4184850.0,5870,4678,1,-0.0228189,0.36781,45.576,123.912,18159,5911,4683,3472,0.35936,21,28,7.06881,0.459763,122.485
530096,4184850.0,5870,4679,1,-0.0315332,0.382245,42.7408,111.815,18159,5897,4701,3462,0.395078,19,29,8.81474,0.477806,105.893
531170,4184850.0,5870,5037,4,-0.0530721,0.579338,56.6437,97.7732,18159,5847,5014,3415,0.156384,44,1,12.9726,0.724172,97.3861
531174,4184850.0,5870,5038,4,-0.0591121,0.557987,56.7181,101.648,18159,5847,5014,3415,0.0881661,42,4,15.0215,0.697484,99.4637
529998,4184850.0,5871,4646,1,-0.00215304,0.285859,63.1346,220.859,18159,5934,4610,3486,0.301182,8,90,1.18879,0.357324,218.536
530000,4184850.0,5871,4647,1,-0.0185811,0.314156,94.5114,300.842,18159,5967,4619,3487,0.290901,25,98,13.9749,0.392696,298.539
530004,4184850.0,5871,4648,1,-0.0239733,0.315052,94.7729,300.817,18159,5967,4620,3487,0.272079,35,88,18.0289,0.393815,298.289
530094,4184850.0,5871,4678,1,-0.0355154,0.369468,44.5451,120.566,18159,5911,4683,3472,0.395065,16,32,10.7048,0.461835,119.509
531002,4184850.0,5871,4981,1,-0.0110465,0.550057,46.5692,84.6625,18159,5843,4978,3418,0.388954,26,6,2.33806,0.687572,83.1305
531006,4184850.0,5871,4982,1,-0.0137379,0.555726,47.1772,84.8929,18159,5843,4978,3418,0.376011,32,5,2.91563,0.694658,83.5523
531008,4184850.0,5871,4983,1,-0.0130356,0.560705,47.7763,85.2075,18159,5843,4978,3418,0.369297,25,9,2.77682,0.700881,84.0791
531012,4184850.0,5871,4984,1,-0.00943826,0.564898,48.367,85.6208,18159,5843,4978,3418,0.367984,24,9,2.02028,0.706122,84.4455
531170,4184850.0,5871,5037,4,-0.0487198,0.568624,56.9149,100.092,18159,5847,5014,3415,0.0745677,42,4,12.1912,0.71078,99.5127
529976,4184860.0,5872,4639,1,-0.00568902,0.221757,81.2218,366.264,18159,5970,4585,3491,0.295921,9,150,5.20921,0.277197,334.826
529980,4184860.0,5872,4640,1,-0.0104851,0.269484,54.8925,203.694,18159,5930,4609,3486,0.297982,16,72,5.33941,0.336855,195.438
529982,4184860.0,5872,4641,1,-0.00124775,0.275829,55.0425,199.553,18159,5930,4610,3486,0.307513,8,80,0.622483,0.344786,197.575
529998,4184860.0,5872,4646,1,-0.00200739,0.297008,69.4471,233.823,18159,5939,4609,3486,0.291954,21,82,1.17344,0.371259,229.438
530000,4184860.0,5872,4647,1,-0.0143593,0.314765,93.6246,297.443,18159,5967,4620,3487,0.29618,34,87,10.6777,0.393457,294.713
530004,4184860.0,5872,4648,1,-0.0160613,0.315447,93.978,297.92,18159,5967,4620,3487,0.283187,34,88,11.9625,0.394309,295.275
531012,4184860.0,5872,4984,1,-0.00503924,0.553837,49.267,88.9557,18159,5843,4978,3418,0.355437,23,11,1.12067,0.692297,87.5459
531014,4184860.0,5872,4985,1,-0.00202788,0.557833,49.8653,89.3911,18159,5843,4978,3418,0.371275,25,10,0.453186,0.697291,87.9597
531168,4184860.0,5872,5036,4,-0.0255108,0.567115,56.8389,100.225,18159,5847,5014,3415,0.0783521,32,14,6.39203,0.708894,99.7239
529976,4184860.0,5873,4639,1,-0.00968579,0.25074,69.1397,275.742,18159,5945,4607,3486,0.300327,16,107,6.67695,0.313425,235.051
529980,4184860.0,5873,4640,1,-0.0128957,0.27614,53.8369,194.962,18159,5930,4610,3486,0.307671,6,80,6.28543,0.345175,194.166
529998,4184860.0,5873,4646,1,-0.00200443,0.314597,92.5542,294.2,18159,5967,4619,3487,0.271172,24,96,1.47426,0.393246,291.974
530000,4184860.0,5873,4647,1,-0.00968851,0.315295,92.837,294.445,18159,5967,4620,3487,0.299584,32,88,7.13183,0.394119,291.711
531008,4184860.0,5873,4983,1,-0.00636635,0.53781,49.4807,92.004,18159,5843,4978,3418,0.332945,32,8,1.46432,0.672263,89.9739
531014,4184860.0,5873,4985,1,-0.000678418,0.546616,50.7252,92.7987,18159,5843,4978,3418,0.364756,23,13,0.157391,0.68327,91.0834
531018,4184860.0,5873,4986,1,-0.0141946,0.551615,51.452,93.2751,18159,5843,4978,3418,0.368535,26,11,3.31,0.689519,91.5468
531164,4184860.0,5873,5035,4,-0.0309917,0.58045,58.346,100.519,18159,5847,5013,3415,0.082667,39,8,7.78811,0.725562,100.149
531168,4184860.0,5873,5036,4,-0.0272741,0.551167,56.9384,103.305,18159,5847,5014,3415,0.032271,32,15,7.04389,0.688959,101.963
529974,4184860.0,5874,4638,1,-0.00663702,0.227186,79.2303,348.747,18159,5970,4587,3491,0.290184,5,145,5.78661,0.283982,326.614
529976,4184860.0,5874,4639,1,-0.00902599,0.276141,52.6091,190.516,18159,5930,4610,3486,0.285488,8,76,4.29898,0.345176,190.708
529994,4184860.0,5874,4645,1,-0.0141751,0.302817,72.6684,239.975,18159,5945,4609,3486,0.21591,22,84,8.50417,0.378521,240.727
530982,4184860.0,5874,4974,3,-0.0232636,0.510095,92.3572,181.059,18159,5818,4974,3416,0.219285,47,28,10.5302,0.637619,166.502
530984,4184860.0,5874,4975,3,-0.0184277,0.446895,51.8971,116.128,18159,5839,4977,3418,0.234415,22,26,5.34995,0.558618,105.306
530988,4184860.0,5874,4976,3,-0.0197992,0.460266,45.746,99.3904,18159,5843,4977,3418,0.255642,23,18,4.91963,0.575332,91.5138
530990,4184860.0,5874,4977,3,-0.0223296,0.476343,46.4551,97.5246,18159,5843,4977,3418,0.26677,23,15,5.44422,0.595428,91.5004
531012,4184860.0,5874,4984,1,-0.002441,0.530382,50.8762,95.9236,18159,5843,4978,3418,0.325383,31,11,0.585374,0.662978,93.4966
531014,4184860.0,5874,4985,1,-0.00648516,0.535208,51.5437,96.3059,18159,5843,4978,3418,0.341231,28,13,1.5614,0.66901,94.159
531018,4184860.0,5874,4986,1,-0.0228818,0.541017,52.3551,96.7715,18159,5843,4978,3418,0.345293,23,15,5.53576,0.676272,94.6805
531020,4184860.0,5874,4987,1,-0.0180151,0.544869,52.9854,97.2442,18159,5843,4978,3418,0.341907,26,13,4.37966,0.681086,95.2018
531152,4184860.0,5874,5031,4,-0.0555274,0.592493,57.0782,96.3357,18159,5847,5013,3415,0.216924,31,13,13.3732,0.740616,95.7374
531156,4184860.0,5874,5032,4,-0.0372337,0.586251,57.5648,98.1915,18159,5847,5013,3415,0.163163,33,12,9.14008,0.732813,97.3638
531158,4184860.0,5874,5033,4,-0.0189338,0.576169,57.8546,100.413,18159,5847,5013,3415,0.137882,34,12,4.75298,0.720211,99.0866
531162,4184860.0,5874,5034,4,-0.0341753,0.566867,58.2789,102.809,18159,5847,5013,3415,0.0958939,36,11,8.7838,0.708584,100.879
531164,4184860.0,5874,5035,4,-0.0517473,0.558613,58.6463,104.985,18159,5847,5013,3415,0.0311488,37,11,13.5818,0.698267,102.716
529970,4184860.0,5875,4637,1,-0.00557848,0.226248,78.0249,344.865,18159,5970,4587,3491,0.267272,7,143,4.80956,0.282809,320.405
529974,4184860.0,5875,4638,1,-0.00993907,0.276073,51.3934,186.159,18159,5930,4610,3486,0.267579,9,73,4.62561,0.345092,183.142
529994,4184860.0,5875,4645,1,-0.0419984,0.316883,91.1432,287.624,18159,5967,4619,3487,0.199754,18,99,30.1994,0.396104,285.443
529998,4184860.0,5875,4646,1,-0.000443274,0.316173,91.0332,287.922,18159,5967,4620,3487,0.243708,34,83,0.319071,0.395216,285.223
530978,4184860.0,5875,4973,3,-0.0318254,0.591348,72.8028,123.113,18159,5901,4944,3426,0.220033,34,20,9.79533,0.739185,116.201
530982,4184860.0,5875,4974,3,-0.0216634,0.577524,73.4002,127.095,18159,5901,4944,3426,0.213863,36,19,6.88326,0.721905,119.06
530984,4184860.0,5875,4975,3,-0.0157349,0.572531,75.4259,131.741,18159,5901,4943,3426,0.22544,42,15,5.18232,0.715664,122.391
530988,4184860.0,5875,4976,3,-0.0181429,0.447647,88.6494,198.034,18159,5870,4911,3450,0.242343,56,19,8.98228,0.559558,197.103
530990,4184860.0,5875,4977,3,-0.0219406,0.487951,85.1202,174.444,18159,5823,4977,3418,0.246276,44,27,9.56851,0.609939,156.88
530994,4184860.0,5875,4978,3,-0.0211928,0.432989,47.4524,109.593,18159,5843,4977,3418,0.246203,25,19,5.80643,0.541236,95.2193
530996,4184860.0,5875,4979,3,-0.0146964,0.46186,48.0977,104.139,18159,5843,4977,3418,0.247156,27,14,3.82617,0.577325,94.7068
531000,4184860.0,5875,4980,3,-0.0110292,0.475346,48.796,102.654,18159,5843,4977,3418,0.252275,29,11,2.83047,0.594182,94.9038
531002,4184860.0,5875,4981,3,-0.0211712,0.485749,49.4933,101.891,18159,5843,4977,3418,0.25748,28,11,5.39285,0.607187,95.1882
531006,4184860.0,5875,4982,3,-0.0199386,0.497009,50.1851,100.974,18159,5843,4977,3418,0.267993,30,8,5.0332,0.621261,95.5449
531008,4184860.0,5875,4983,3,-0.0168821,0.507522,50.876,100.244,18159,5843,4978,3418,0.286799,29,13,4.23083,0.634402,95.9297
531012,4184860.0,5875,4984,3,-0.0211813,0.516503,51.6492,99.9979,18159,5843,4978,3418,0.303197,27,12,5.29522,0.645629,96.4348
531014,4184860.0,5875,4985,1,-0.021651,0.522888,52.402,100.216,18159,5843,4978,3418,0.316288,31,13,5.42446,0.65361,97.0769
531018,4184860.0,5875,4986,1,-0.0164378,0.527352,53.0227,100.545,18159,5843,4978,3418,0.314363,28,15,4.13186,0.65919,97.8071
531020,4184860.0,5875,4987,1,-0.020066,0.53258,53.7751,100.971,18159,5843,4978,3418,0.308266,24,16,5.0652,0.665724,98.3644
531024,4184860.0,5875,4988,1,-0.0264577,0.537397,54.4532,101.328,18159,5843,4978,3418,0.310562,26,15,6.70224,0.671746,98.9133
531150,4184860.0,5875,5030,4,-0.053642,0.583994,57.0362,97.6657,18159,5847,5013,3415,0.175126,37,7,13.0975,0.729993,96.9125
531152,4184860.0,5875,5031,4,-0.0552772,0.574932,57.3749,99.7942,18159,5847,5013,3415,0.122961,34,11,13.7909,0.718665,98.4541
531156,4184860.0,5875,5032,4,-0.0383201,0.559497,57.6454,103.031,18159,5847,5013,3415,0.109871,35,11,9.87039,0.699371,100.135
531158,4184860.0,5875,5033,4,-0.0251056,0.540415,57.9301,107.196,18159,5847,5013,3415,0.117478,37,10,6.72801,0.675518,101.926
529964,4184870.0,5876,4635,1,-0.0177199,0.219676,76.3956,347.765,18159,5970,4585,3491,0.271387,9,144,15.4059,0.274595,318.526
529968,4184870.0,5876,4636,1,-0.0200766,0.227715,77.7686,341.518,18159,5971,4587,3491,0.252644,4,143,17.1413,0.284644,322.125
529970,4184870.0,5876,4637,1,-0.0113003,0.275293,50.2045,182.367,18159,5930,4610,3486,0.25996,8,72,5.15202,0.344117,179.196
529974,4184870.0,5876,4638,1,-0.00429423,0.275183,50.7662,184.482,18159,5930,4610,3486,0.270975,6,75,1.98052,0.343978,182.839
529994,4184870.0,5876,4645,1,-0.0588474,0.31793,90.5007,284.656,18159,5967,4619,3487,0.236114,20,96,41.8782,0.397413,282.483
529998,4184870.0,5876,4646,1,-0.00152393,0.316966,90.3212,284.956,18159,5967,4620,3487,0.260211,34,82,1.08563,0.396207,282.311
530102,4184870.0,5876,4681,1,-0.00656771,0.355741,37.2698,104.767,18159,5911,4684,3472,0.313565,16,23,1.72019,0.444676,103.814
530106,4184870.0,5876,4682,1,-0.0249333,0.386251,32.6065,84.4178,18159,5896,4700,3462,0.2957,17,20,5.26204,0.482814,82.7478
530108,4184870.0,5876,4683,1,-0.0395782,0.406591,24.678,60.6948,18159,5891,4697,3461,0.332791,12,16,6.00548,0.508239,63.6204
530988,4184870.0,5876,4976,3,-0.015878,0.588223,62.6669,106.536,18159,5902,4954,3424,0.254106,34,13,4.22894,0.735278,100.8
530990,4184870.0,5876,4977,3,-0.023276,0.580675,64.4714,111.028,18159,5902,4953,3424,0.25277,39,10,6.46075,0.725844,104.272
530994,4184870.0,5876,4978,3,-0.0243957,0.575308,67.7468,117.757,18159,5902,4951,3425,0.245013,46,6,7.18194,0.719135,110.359
530996,4184870.0,5876,4979,3,-0.0153356,0.567491,71.3124,125.663,18159,5902,4949,3425,0.244155,39,16,4.8178,0.709363,117.546
531000,4184870.0,5876,4980,3,-0.00516301,0.438631,91.7891,209.262,18159,5869,4911,3450,0.247779,46,31,2.70106,0.548289,209.57
531002,4184870.0,5876,4981,3,-0.00313585,0.432545,49.7536,115.025,18159,5843,4977,3418,0.252873,28,20,0.901755,0.540682,98.3855
531008,4184870.0,5876,4983,3,-0.00494315,0.470203,51.2018,108.893,18159,5843,4977,3418,0.282314,30,12,1.34569,0.587754,99.0496
531012,4184870.0,5876,4984,3,-0.0261144,0.487288,52.0639,106.844,18159,5843,4977,3418,0.290971,32,9,6.97544,0.60911,99.4879
531014,4184870.0,5876,4985,3,-0.0277453,0.500698,52.8717,105.596,18159,5843,4978,3418,0.290532,29,12,7.32447,0.625873,100.036
531018,4184870.0,5876,4986,3,-0.0145089,0.50836,53.5026,105.245,18159,5843,4978,3418,0.283116,32,12,3.8175,0.63545,100.709
531020,4184870.0,5876,4987,1,-0.0187733,0.514883,54.2628,105.389,18159,5843,4978,3418,0.283688,32,17,4.94623,0.643603,101.501
531024,4184870.0,5876,4988,1,-0.0254431,0.520819,54.9944,105.592,18159,5843,4978,3418,0.284528,24,18,6.71649,0.651024,102.173
531026,4184870.0,5876,4989,1,-0.0158281,0.525992,55.6012,105.707,18159,5843,4978,3418,0.28291,28,15,4.18285,0.65749,102.702
531144,4184870.0,5876,5028,4,-0.0451535,0.577684,56.3315,97.5127,18159,5847,5013,3415,0.171967,32,11,11.0076,0.722105,96.8431
531146,4184870.0,5876,5029,4,-0.0641945,0.572466,56.8149,99.2458,18159,5847,5013,3415,0.118774,35,9,15.9276,0.715583,98.2054
531150,4184870.0,5876,5030,4,-0.0485003,0.557724,57.0298,102.254,18159,5847,5013,3415,0.0747088,36,9,12.3984,0.697155,99.7079
529962,4184870.0,5877,4634,1,-0.00268104,0.219181,75.1379,342.812,18159,5970,4585,3491,0.297493,9,140,2.29773,0.273977,314.465
529964,4184870.0,5877,4635,1,-0.0296902,0.242313,65.9351,272.107,18159,5947,4607,3486,0.282538,13,108,20.1973,0.302892,226.003
529968,4184870.0,5877,4636,1,-0.0270995,0.276032,49.3106,178.641,18159,5930,4610,3486,0.266869,7,71,12.1027,0.345041,175.287
529970,4184870.0,5877,4637,1,-0.00306001,0.275299,49.5673,180.049,18159,5930,4610,3486,0.266168,6,73,1.37738,0.344124,179.188
529994,4184870.0,5877,4645,1,-0.0588024,0.318415,89.6915,281.681,18159,5967,4619,3487,0.309324,20,95,41.4088,0.398018,279.574
529998,4184870.0,5877,4646,1,-0.00558271,0.317508,89.5117,281.92,18159,5967,4620,3487,0.295454,34,81,3.9347,0.396884,279.444
530102,4184870.0,5877,4681,1,-0.0188111,0.356184,36.146,101.481,18159,5911,4683,3472,0.336144,15,22,4.77244,0.44523,100.771
530106,4184870.0,5877,4682,1,-0.0437436,0.359778,35.0527,97.4287,18159,5898,4702,3462,0.330227,24,18,10.6547,0.449723,87.2626
530108,4184870.0,5877,4683,1,-0.0388016,0.393484,25.563,64.9659,18159,5892,4698,3461,0.363526,11,18,6.30195,0.491855,64.2584
531008,4184870.0,5877,4983,3,-0.0101722,0.516218,81.6339,158.138,18159,5901,4943,3426,0.277899,47,20,4.02152,0.645273,139.943
531012,4184870.0,5877,4984,3,-0.0136907,0.425537,52.3506,123.022,18159,5843,4977,3418,0.282448,24,26,4.21065,0.531922,102.815
531014,4184870.0,5877,4985,3,-0.0186003,0.449653,53.1841,118.278,18159,5843,4977,3418,0.275366,31,16,5.50003,0.562066,103.255
531018,4184870.0,5877,4986,3,-0.0212913,0.471488,53.959,114.444,18159,5843,4977,3418,0.270283,35,9,6.09166,0.58936,103.833
531020,4184870.0,5877,4987,3,-0.0192078,0.487608,54.6603,112.099,18159,5843,4978,3418,0.266045,31,13,5.38294,0.60951,104.414
531024,4184870.0,5877,4988,3,-0.0152909,0.49745,55.4158,111.4,18159,5843,4978,3418,0.264822,35,14,4.25851,0.621813,105.237
531026,4184870.0,5877,4989,3,-0.0158882,0.505164,56.0936,111.04,18159,5843,4978,3418,0.270952,27,19,4.41059,0.631454,106.166
531030,4184870.0,5877,4990,1,-0.0158067,0.512725,56.7974,110.776,18159,5843,4978,3418,0.282225,30,15,4.37748,0.640907,106.64
531132,4184870.0,5877,5024,4,-0.0448336,0.578882,56.3633,97.3658,18159,5847,5012,3415,0.146154,28,13,10.9131,0.723603,96.0305
531134,4184870.0,5877,5025,4,-0.0350737,0.578167,56.667,98.0114,18159,5847,5012,3415,0.137343,27,15,8.59405,0.722709,96.7536
531138,4184870.0,5877,5026,4,-0.0304158,0.576268,56.9749,98.8688,18159,5847,5012,3415,0.130073,30,13,7.51793,0.720335,97.6462
531140,4184870.0,5877,5027,4,-0.0399626,0.571558,57.3776,100.388,18159,5847,5012,3415,0.113943,29,15,10.0294,0.714448,98.7314
531144,4184870.0,5877,5028,4,-0.0616032,0.557373,57.7648,103.638,18159,5847,5012,3415,0.0963665,29,16,15.961,0.696716,100.117
529962,4184870.0,5878,4634,1,-0.0082174,0.259055,57.4011,221.578,18159,5937,4607,3486,0.29039,9,88,4.55199,0.323819,192.97
529964,4184870.0,5878,4635,1,-0.0323182,0.274887,48.1143,175.033,18159,5930,4610,3486,0.292913,8,68,14.1419,0.343608,171.429
529968,4184870.0,5878,4636,1,-0.0205856,0.276805,48.6058,175.596,18159,5930,4610,3486,0.281347,5,72,9.03687,0.346006,175.632
529994,4184870.0,5878,4645,1,-0.0464352,0.318082,88.6451,278.686,18159,5967,4619,3487,0.364465,21,95,32.3521,0.397603,276.689
529998,4184870.0,5878,4646,1,-0.00909899,0.317574,88.5568,278.854,18159,5967,4620,3487,0.331721,34,80,6.34323,0.396967,276.61
530106,4184870.0,5878,4682,1,-0.0317315,0.352258,38.884,110.385,18159,5914,4687,3472,0.360944,21,21,8.7567,0.440323,107.766
530108,4184870.0,5878,4683,1,-0.0373811,0.401937,30.2477,75.255,18159,5895,4700,3462,0.376295,14,19,7.03279,0.502421,73.2259
531014,4184870.0,5878,4985,3,-0.0205365,0.574811,65.3358,113.665,18159,5902,4959,3424,0.269091,33,16,5.83568,0.718514,104.371
531018,4184870.0,5878,4986,3,-0.0264448,0.537439,67.1992,125.036,18159,5902,4958,3424,0.260869,28,25,8.26636,0.671799,109.394
531020,4184870.0,5878,4987,3,-0.0284263,0.51402,77.9004,151.551,18159,5902,4949,3425,0.255357,40,25,10.7701,0.642525,134.506
531024,4184870.0,5878,4988,3,-0.0237219,0.415036,55.7166,134.245,18159,5843,4977,3418,0.258474,28,27,7.96137,0.518795,108.781
531026,4184870.0,5878,4989,3,-0.0251172,0.450439,56.4314,125.281,18159,5843,4977,3418,0.260528,38,12,7.86674,0.563049,109.361
531030,4184870.0,5878,4990,3,-0.0276695,0.478338,57.2169,119.616,18159,5843,4978,3418,0.262814,31,17,8.27428,0.597922,109.989
531032,4184870.0,5878,4991,3,-0.0281531,0.491197,57.9667,118.011,18159,5843,4978,3418,0.263446,30,19,8.30594,0.613996,111.04
531036,4184870.0,5878,4992,3,-0.0208575,0.500275,58.6759,117.287,18159,5843,4978,3418,0.260813,32,16,6.1158,0.625343,111.53
531038,4184870.0,5878,4993,3,-0.00934761,0.504562,59.3562,117.639,18159,5843,4978,3418,0.274947,31,18,2.74911,0.630702,112.414
531042,4184870.0,5878,4994,3,-0.00843181,0.5061,60.1695,118.888,18159,5843,4978,3418,0.301047,30,20,2.50611,0.632626,113.533
531044,4184870.0,5878,4995,3,-0.0229557,0.508646,61.191,120.302,18159,5843,4979,3418,0.327818,33,19,6.90404,0.635807,114.728
531048,4184870.0,5878,4996,3,-0.0309176,0.511496,62.1241,121.456,18159,5843,4978,3418,0.337415,36,18,9.3878,0.63937,116.054
531050,4184870.0,5878,4997,3,-0.0275386,0.516259,63.1384,122.3,18159,5843,4979,3418,0.336087,28,24,8.41991,0.645324,117.204
531054,4184870.0,5878,4998,3,-0.0187889,0.521796,64.0647,122.777,18159,5843,4979,3418,0.338395,29,24,5.76713,0.652245,117.93
531056,4184870.0,5878,4999,3,-0.0151797,0.527757,65.0068,123.176,18159,5843,4979,3418,0.349138,31,23,4.67444,0.659696,118.89
531060,4184870.0,5878,5000,3,-0.0155973,0.565908,98.8961,174.756,18159,5826,4980,3416,0.361344,42,29,6.81433,0.707385,165.43
531062,4184870.0,5878,5001,3,-0.0132311,0.568438,97.8573,172.151,18159,5827,4981,3416,0.357853,41,31,5.69439,0.710548,163.47
531066,4184870.0,5878,5002,3,-0.00317489,0.573062,98.7805,172.373,18159,5827,4981,3416,0.356036,41,32,1.36817,0.716328,164.37
531126,4184870.0,5878,5022,4,-0.0330303,0.57249,62.495,109.163,18159,5845,5008,3415,0.126805,32,14,9.01426,0.715613,106.675
531128,4184870.0,5878,5023,4,-0.0231866,0.562463,60.498,107.559,18159,5846,5009,3415,0.112297,31,14,6.23481,0.703079,103.893
531132,4184870.0,5878,5024,4,-0.0254479,0.550227,63.1388,114.75,18159,5845,5008,3415,0.119348,32,16,7.30038,0.687784,108.988
531134,4184870.0,5878,5025,4,-0.0407754,0.544063,67.196,123.508,18159,5844,5006,3415,0.119274,32,20,12.5902,0.680078,115.089
529950,4184880.0,5879,4630,5,-0.0165957,0.20159,75.6121,375.079,18159,5977,4584,3495,0.253496,0,169,15.5617,0.251987,323.889
529956,4184880.0,5879,4632,1,-0.00852403,0.218862,72.9794,333.45,18159,5970,4585,3491,0.231221,8,135,7.10584,0.273577,306.281
529958,4184880.0,5879,4633,1,-0.00199355,0.259369,54.7124,210.944,18159,5936,4607,3486,0.251435,6,88,1.05132,0.324212,187.694
529962,4184880.0,5879,4634,1,-0.00795385,0.272835,46.7978,171.524,18159,5930,4610,3486,0.277705,7,67,3.41069,0.341044,167.575
529964,4184880.0,5879,4635,1,-0.00769852,0.276526,47.3518,171.238,18159,5930,4610,3486,0.295262,6,69,3.2957,0.345658,172.018
529994,4184880.0,5879,4645,1,-0.0223405,0.317173,87.4323,275.661,18159,5967,4619,3487,0.374294,19,94,15.396,0.396467,273.812
529998,4184880.0,5879,4646,1,-0.00927666,0.317264,87.521,275.862,18159,5967,4620,3487,0.341945,33,80,6.3977,0.39658,273.723
530106,4184880.0,5879,4682,1,-0.0130435,0.353903,35.2283,99.5423,18159,5912,4685,3472,0.361284,14,25,3.24595,0.442379,97.8582
530108,4184880.0,5879,4683,1,-0.0353154,0.366649,29.37,80.104,18159,5896,4700,3462,0.380769,11,24,7.07226,0.458311,73.3854
531024,4184880.0,5879,4988,3,-0.0287366,0.595168,58.2862,97.9322,18159,5902,4966,3424,0.267725,32,12,7.0356,0.743961,93.4331
531026,4184880.0,5879,4989,3,-0.0388865,0.58845,58.9263,100.138,18159,5902,4967,3424,0.264661,33,11,9.73507,0.735562,95.1244
531030,4184880.0,5879,4990,3,-0.0419775,0.581191,59.6999,102.72,18159,5902,4967,3424,0.258208,33,12,10.7798,0.726489,97.0634
531032,4184880.0,5879,4991,3,-0.041266,0.571351,60.497,105.884,18159,5902,4967,3424,0.247111,35,11,10.9235,0.714189,99.3196
531036,4184880.0,5879,4992,3,-0.0325184,0.557693,61.2012,109.74,18159,5902,4967,3424,0.237111,36,11,8.92141,0.697116,101.98
531038,4184880.0,5879,4993,3,-0.0140604,0.544354,61.9836,113.866,18159,5902,4966,3424,0.248173,38,11,4.00251,0.680443,104.864
531042,4184880.0,5879,4994,3,-6.9255e-05,0.532784,62.7262,117.733,18159,5902,4966,3424,0.284247,40,10,0.020384,0.66598,107.638
531044,4184880.0,5879,4995,3,-0.00720829,0.524155,63.6542,121.442,18159,5902,4966,3424,0.316651,42,9,2.18847,0.655193,110.407
531048,4184880.0,5879,4996,3,-0.0254133,0.517548,64.7161,125.044,18159,5902,4966,3424,0.330415,44,8,7.94443,0.646935,113.168
531050,4184880.0,5879,4997,3,-0.0223613,0.432275,63.2655,146.355,18159,5843,4978,3418,0.335979,46,12,8.18172,0.540344,121.509
531054,4184880.0,5879,4998,3,-0.0116914,0.460751,64.2155,139.371,18159,5843,4978,3418,0.33994,37,20,4.07363,0.575939,122.841
531056,4184880.0,5879,4999,3,-0.0167077,0.473832,65.2546,137.717,18159,5843,4978,3418,0.356341,37,19,5.75233,0.59229,123.354
531060,4184880.0,5879,5000,3,-0.0240503,0.489152,66.4008,135.747,18159,5843,4979,3418,0.36581,39,19,8.16187,0.61144,124.509
531062,4184880.0,5879,5001,3,-0.0239749,0.503845,67.4898,133.95,18159,5843,4979,3418,0.357014,33,24,8.02855,0.629807,125.584
531066,4184880.0,5879,5002,3,-0.0112173,0.506408,68.4177,135.104,18159,5843,4979,3418,0.353705,34,24,3.78874,0.63301,128.01
531068,4184880.0,5879,5003,3,-0.00322916,0.552187,100.208,181.475,18159,5827,4981,3416,0.367468,44,31,1.46503,0.690234,168.987
531072,4184880.0,5879,5004,3,-0.0126963,0.562523,101.299,180.08,18159,5827,4981,3416,0.375715,42,34,5.71588,0.703154,169.572
531074,4184880.0,5879,5005,3,-0.0246408,0.569363,102.399,179.848,18159,5827,4981,3416,0.359253,43,32,11.079,0.711703,170.133
531078,4184880.0,5879,5006,3,-0.0260481,0.576198,99.4183,172.542,18159,5829,4983,3416,0.333698,52,20,11.2359,0.720248,164.173
531080,4184880.0,5879,5007,3,-0.0221718,0.584131,95.6783,163.796,18159,5831,4985,3416,0.318859,36,33,9.07913,0.730164,156.711
531120,4184880.0,5879,5020,4,-0.0341857,0.59084,71.7263,121.397,18159,5843,5003,3415,0.153481,28,24,10.3751,0.738551,117.96
531122,4184880.0,5879,5021,4,-0.0330575,0.583782,72.1343,123.564,18159,5843,5003,3415,0.113921,29,24,10.2118,0.729728,119.081
531126,4184880.0,5879,5022,4,-0.0231898,0.568507,72.3637,127.287,18159,5843,5003,3415,0.0870479,28,26,7.37942,0.710634,120.612
529946,4184880.0,5880,4629,5,-0.00764661,0.21475,70.7263,329.342,18159,5970,4585,3491,0.274457,8,135,6.29588,0.268438,299.626
529952,4184880.0,5880,4631,1,-0.0204163,0.218712,71.9931,329.169,18159,5970,4585,3491,0.252126,8,133,16.8011,0.273389,302.234
529956,4184880.0,5880,4632,1,-0.0115784,0.262497,56.5878,215.575,18159,5938,4607,3486,0.240593,10,86,6.24002,0.328121,188.89
529958,4184880.0,5880,4633,1,-0.00405697,0.270339,45.6238,168.765,18159,5930,4610,3486,0.245256,10,62,1.71169,0.337923,163.966
530108,4184880.0,5880,4683,1,-0.0247572,0.356945,32.8998,92.1704,18159,5899,4703,3462,0.378253,24,16,5.70469,0.446182,84.565
530112,4184880.0,5880,4684,1,-0.0142337,0.392283,27.4519,69.98,18159,5895,4700,3462,0.394261,9,21,2.49018,0.490353,65.9683
531062,4184880.0,5880,5001,3,-0.0319181,0.538978,43.9239,81.4948,18159,5898,4984,3424,0.368772,32,2,6.50291,0.673722,72.9792
531066,4184880.0,5880,5002,3,-0.0235319,0.520211,44.9392,86.3865,18159,5898,4984,3424,0.358123,31,4,5.0821,0.650264,76.1802
531068,4184880.0,5880,5003,3,-0.0128122,0.510175,46.7677,91.6699,18159,5898,4983,3424,0.364498,26,11,2.93624,0.637719,79.5862
531072,4184880.0,5880,5004,3,-0.0114944,0.4849,70.8426,146.097,18159,5843,4978,3418,0.367473,46,18,4.19826,0.606125,133.576
531074,4184880.0,5880,5005,3,-0.0222331,0.50526,71.941,142.384,18159,5843,4979,3418,0.345057,39,23,7.91409,0.631575,137.545
531078,4184880.0,5880,5006,3,-0.0311887,0.547158,103.708,189.54,18159,5827,4981,3416,0.318284,48,31,14.7788,0.683948,175.096
531080,4184880.0,5880,5007,3,-0.0285832,0.553055,104.558,189.055,18159,5827,4981,3416,0.303555,48,32,13.5095,0.691319,176.103
531084,4184880.0,5880,5008,3,-0.0263317,0.560919,103.381,184.307,18159,5828,4982,3416,0.294028,51,26,12.1328,0.701149,173.303
531086,4184880.0,5880,5009,3,-0.0304142,0.573373,97.7565,170.494,18159,5831,4985,3416,0.285462,39,33,12.9636,0.716716,161.984
531090,4184880.0,5880,5010,3,-0.0322612,0.583914,89.3589,153.034,18159,5835,4989,3415,0.269527,43,22,12.3427,0.729893,147.601
531092,4184880.0,5880,5011,3,-0.0273336,0.594408,86.7357,145.919,18159,5836,4992,3415,0.247193,41,21,9.97126,0.743011,142.78
531116,4184880.0,5880,5019,4,-0.0332443,0.564315,71.8869,127.388,18159,5843,5002,3415,0.160063,22,31,10.5873,0.705393,121.382
531120,4184880.0,5880,5020,4,-0.038958,0.559787,75.1575,134.261,18159,5842,5001,3415,0.131957,25,31,13.0763,0.699734,125.847
531122,4184880.0,5880,5021,4,-0.0349988,0.513462,92.3615,179.88,18159,5836,4991,3415,0.107322,43,34,15.7389,0.641827,157.952
529952,4184880.0,5881,4631,1,-0.00889304,0.244012,61.3653,251.485,18159,5947,4607,3486,0.256312,11,100,5.59116,0.305015,211.291
529956,4184880.0,5881,4632,1,-0.0030924,0.270297,44.9041,166.129,18159,5930,4609,3486,0.245861,10,61,1.28434,0.337871,160.418
530112,4184880.0,5881,4684,1,-0.000330446,0.378226,28.4243,75.1517,18159,5897,4701,3462,0.375597,8,24,0.0620839,0.472782,71.7933
530118,4184880.0,5881,4686,1,-0.00994233,0.39465,19.589,49.6364,18159,5892,4698,3461,0.334498,7,15,1.23375,0.493312,49.7546
530120,4184880.0,5881,4687,1,-0.00917907,0.411925,17.1409,41.6117,18159,5891,4697,3461,0.33808,8,11,0.954891,0.514906,44.372
531078,4184880.0,5881,5006,3,-0.0270671,0.54595,47.9106,87.7563,18159,5898,4985,3424,0.30277,34,3,5.93827,0.682438,79.0718
531080,4184880.0,5881,5007,3,-0.0230998,0.511131,50.1255,98.0678,18159,5898,4984,3424,0.298688,37,4,5.66337,0.638914,83.8727
531084,4184880.0,5881,5008,3,-0.0241222,0.48929,51.0204,104.274,18159,5898,4984,3424,0.297462,38,4,6.28832,0.611613,88.0829
531086,4184880.0,5881,5009,3,-0.0330213,0.432152,75.7142,175.203,18159,5843,4978,3418,0.282516,54,20,14.4635,0.54019,146.743
531090,4184880.0,5881,5010,3,-0.042865,0.530526,107.412,202.463,18159,5827,4981,3416,0.252869,53,31,21.6965,0.663157,184.114
531092,4184880.0,5881,5011,3,-0.0315574,0.556911,99.5806,178.809,18159,5831,4985,3416,0.223244,47,28,14.1068,0.696139,168.27
531096,4184880.0,5881,5012,3,-0.020678,0.577047,90.3478,156.569,18159,5835,4990,3415,0.201909,42,25,8.09385,0.721309,151.324
531098,4184880.0,5881,5013,3,-0.0242414,0.582761,85.6011,146.889,18159,5837,4993,3415,0.190301,38,25,8.90196,0.728452,143.859
531114,4184880.0,5881,5018,4,-0.0154391,0.556446,76.8883,138.177,18159,5841,4999,3415,0.152639,29,29,5.33334,0.695558,131.494
531116,4184880.0,5881,5019,4,-0.0303313,0.543252,79.9059,147.088,18159,5840,4998,3415,0.151671,27,34,11.1534,0.679065,137.246
529940,4184890.0,5882,4627,5,-0.00629068,0.216173,68.8505,318.497,18159,5970,4585,3491,0.185275,9,130,5.00891,0.270216,291.576
529994,4184890.0,5882,4645,1,-0.00431514,0.319159,84.947,266.159,18159,5967,4620,3487,0.209826,29,80,2.87128,0.398949,264.595
529998,4184890.0,5882,4646,1,-0.00419228,0.318672,85.1275,267.132,18159,5967,4620,3487,0.191015,33,77,2.79973,0.39834,264.878
530114,4184890.0,5882,4685,1,-0.010321,0.385172,25.154,65.3058,18159,5896,4700,3462,0.345855,9,19,1.68505,0.481465,62.9295
530118,4184890.0,5882,4686,1,-0.0207831,0.416899,22.4761,53.9126,18159,5894,4699,3461,0.357332,13,11,2.80117,0.521124,54.4713
530120,4184890.0,5882,4687,1,-0.0136225,0.397528,16.3794,41.2032,18159,5891,4697,3461,0.368224,6,12,1.40323,0.49691,40.9654
531090,4184890.0,5882,5010,3,-0.0340239,0.548511,50.0845,91.3099,18159,5898,4986,3424,0.266055,35,4,7.76679,0.685639,85.8506
531092,4184890.0,5882,5011,3,-0.0373778,0.536234,50.8189,94.77,18159,5898,4986,3424,0.221146,35,5,8.85572,0.670293,88.4123
531096,4184890.0,5882,5012,3,-0.0399284,0.522129,51.3942,98.4319,18159,5898,4986,3424,0.18081,35,6,9.82557,0.652662,91.0178
531098,4184890.0,5882,5013,3,-0.0362935,0.508574,51.9278,102.105,18159,5898,4986,3424,0.161059,33,9,9.26434,0.635717,93.6538
531102,4184890.0,5882,5014,3,-0.0300823,0.468736,86.0998,183.685,18159,5839,4979,3418,0.141019,52,25,13.8142,0.58592,166.443
531104,4184890.0,5882,5015,3,-0.0222141,0.535068,101.603,189.888,18159,5831,4985,3416,0.119704,45,35,10.5455,0.668835,175.86
531108,4184890.0,5882,5016,3,-0.0202751,0.536406,95.1711,177.424,18159,5834,4988,3415,0.110841,49,26,8.9932,0.670507,165.228
531110,4184890.0,5882,5017,4,-0.0167348,0.504574,110.69,219.374,18159,5827,4981,3416,0.110533,52,38,9.17793,0.630718,196.367
531114,4184890.0,5882,5018,4,-0.0166924,0.493616,53.6862,108.761,18159,5898,4986,3424,0.126617,29,18,4.5387,0.61702,106.314
529934,4184890.0,5883,4625,5,-0.00285291,0.182772,70.6012,386.28,18159,5977,4583,3495,0.229952,0,177,2.75506,0.228465,307.308
529938,4184890.0,5883,4626,5,-0.0109641,0.21658,68.0128,314.031,18159,5970,4585,3491,0.223891,9,128,8.60769,0.270725,287.572
529940,4184890.0,5883,4627,1,-0.00765459,0.217283,68.4359,314.962,18159,5970,4585,3491,0.205368,9,125,6.02726,0.271604,288.866
529946,4184890.0,5883,4629,1,-0.00570436,0.259263,50.6516,195.368,18159,5936,4607,3486,0.210546,6,80,2.78612,0.324079,171.061
529950,4184890.0,5883,4630,1,-0.0041484,0.271892,43.0287,158.257,18159,5930,4609,3486,0.210567,9,58,1.64128,0.339865,152.555
529992,4184890.0,5883,4644,1,-0.0130872,0.320604,84.1891,262.595,18159,5967,4619,3487,0.213767,20,88,8.59163,0.400755,261.211
529994,4184890.0,5883,4645,1,-0.0330836,0.321039,84.5597,263.394,18159,5967,4620,3487,0.221784,33,75,21.7851,0.401298,261.288
529998,4184890.0,5883,4646,1,-0.0301751,0.320756,84.7339,264.169,18159,5967,4620,3487,0.201153,33,76,19.9283,0.400946,261.926
530118,4184890.0,5883,4686,1,-0.0165766,0.398367,23.545,59.1038,18159,5895,4700,3462,0.389649,9,16,2.44934,0.497959,55.6242
531096,4184890.0,5883,5012,3,-0.0374772,0.562991,51.4165,91.3274,18159,5898,4986,3424,0.18192,24,16,8.55675,0.703738,89.2382
531098,4184890.0,5883,5013,3,-0.0285933,0.553172,51.8473,93.7272,18159,5898,4986,3424,0.161007,25,16,6.69992,0.691465,91.8499
531102,4184890.0,5883,5014,3,-0.0311056,0.546884,52.3093,95.6497,18159,5898,4986,3424,0.146912,30,12,7.43809,0.683605,94.4638
531104,4184890.0,5883,5015,3,-0.0309206,0.539484,52.7132,97.7103,18159,5898,4986,3424,0.124181,33,10,7.55316,0.674355,97.0803
531108,4184890.0,5883,5016,4,-0.0261235,0.52677,52.9802,100.576,18159,5898,4986,3424,0.104006,31,13,6.56846,0.658462,99.6962
531110,4184890.0,5883,5017,4,-0.0229739,0.467744,53.2368,113.816,18159,5898,4986,3424,0.106277,22,23,6.53699,0.58468,101.526
529938,4184890.0,5884,4626,1,-0.000488478,0.217381,67.519,310.603,18159,5970,4585,3491,0.232798,9,123,0.379306,0.271726,284.842
529940,4184890.0,5884,4627,1,-0.0052255,0.223148,67.9466,304.491,18159,5970,4587,3491,0.226149,2,127,3.9778,0.278935,282.882
529944,4184890.0,5884,4628,1,-0.00777618,0.265568,49.0894,184.847,18159,5935,4608,3486,0.218392,10,70,3.5935,0.33196,162.773
529946,4184890.0,5884,4629,1,-0.0141787,0.274164,42.0606,153.414,18159,5930,4609,3486,0.218125,10,55,5.43801,0.342705,148.538
529986,4184890.0,5884,4642,1,-0.00641566,0.319728,82.6887,258.622,18159,5967,4619,3487,0.254984,16,89,4.14808,0.399659,256.971
529988,4184890.0,5884,4643,1,-0.0311961,0.321517,83.2862,259.042,18159,5967,4619,3487,0.253272,20,86,20.2027,0.401896,257.704
529992,4184890.0,5884,4644,1,-0.0246471,0.322234,83.5947,259.422,18159,5967,4620,3487,0.239433,28,78,15.985,0.402793,257.969
529994,4184890.0,5884,4645,1,-0.0104397,0.321292,83.6897,260.479,18159,5967,4620,3487,0.243645,32,75,6.7983,0.401615,258.363
531108,4184890.0,5884,5016,4,-0.02904,0.502072,52.6641,104.894,18159,5898,4986,3424,0.135795,32,11,7.61527,0.62759,98.1146
529928,4184900.0,5885,4623,5,-0.0138843,0.208056,68.6135,329.783,18159,5975,4585,3491,0.232072,2,145,11.447,0.26007,293.486
529932,4184900.0,5885,4624,5,-0.00527644,0.216579,66.1156,305.273,18159,5970,4585,3491,0.207444,9,124,4.02688,0.270724,279.587
529940,4184900.0,5885,4627,1,-0.000362838,0.259019,44.5434,171.97,18159,5933,4608,3486,0.232041,11,63,0.155993,0.323773,153.1
529944,4184900.0,5885,4628,1,-0.000591999,0.274054,40.7383,148.65,18159,5930,4610,3486,0.231386,9,53,0.220002,0.342568,144.398
529988,4184900.0,5885,4643,1,-0.0311271,0.322897,82.5698,255.716,18159,5967,4619,3487,0.286805,24,81,19.8992,0.403621,254.492
529992,4184900.0,5885,4644,1,-0.0215636,0.323029,82.9299,256.726,18159,5967,4620,3487,0.269734,32,73,13.8398,0.403786,254.731
531104,4184900.0,5885,5015,4,-0.0181647,0.535811,51.9967,97.0431,18159,5898,4986,3424,0.185271,32,9,4.40691,0.669764,94.3115
531108,4184900.0,5885,5016,4,-0.032094,0.418606,59.3544,141.791,18159,5902,4982,3424,0.175688,23,31,11.3766,0.523258,115.338
529928,4184900.0,5886,4623,5,-0.00598387,0.216675,65.1732,300.787,18159,5970,4585,3491,0.241128,9,122,4.49968,0.270844,275.605
529932,4184900.0,5886,4624,1,-0.00916607,0.217663,65.7101,301.889,18159,5970,4585,3491,0.208528,8,120,6.91783,0.272079,276.822
530124,4184900.0,5886,4688,1,-0.00549696,0.429669,19.7261,45.91,18159,5895,4700,3462,0.304302,13,7,0.630913,0.537087,46.6457
531104,4184900.0,5886,5015,4,-0.00434717,0.503461,51.493,102.278,18159,5898,4986,3424,0.182002,24,16,1.11155,0.629327,92.6847
529928,4184900.0,5887,4623,1,-0.00847315,0.217694,64.7097,297.251,18159,5970,4585,3491,0.250149,8,118,6.29663,0.272118,272.81
529932,4184900.0,5887,4624,1,-0.0225346,0.227376,70.9405,311.997,18159,5967,4615,3487,0.216632,5,131,17.5768,0.28422,242.796
529934,4184900.0,5887,4625,1,-0.00907367,0.263085,42.7595,162.531,18159,5933,4608,3486,0.193106,11,59,3.68688,0.328856,145.968
530124,4184900.0,5887,4688,1,-0.00888935,0.410204,19.0609,46.4669,18159,5896,4700,3462,0.295661,11,9,1.03265,0.512755,47.0646
531104,4184900.0,5887,5015,4,-0.00333697,0.434353,50.5562,116.394,18159,5900,4986,3424,0.159275,9,34,0.971013,0.542941,96.2773
529928,4184900.0,5888,4623,1,-0.0221582,0.24417,54.3447,222.57,18159,5947,4607,3486,0.258595,11,87,12.3293,0.305212,183.499
529932,4184900.0,5888,4624,1,-0.033666,0.267744,42.0472,157.042,18159,5933,4608,3486,0.234378,10,58,13.2175,0.33468,142.928
529934,4184900.0,5888,4625,1,-0.023217,0.281895,38.4337,136.34,18159,5930,4609,3486,0.211123,10,47,7.91354,0.352369,132.915
531104,4184900.0,5888,5015,4,-0.00939463,0.414497,62.4615,150.692,18159,5906,4978,3434,0.144624,22,36,3.53924,0.518121,124.831
529926,4184910.0,5889,4622,1,-0.00965588,0.270982,47.4812,175.219,18159,5938,4607,3486,0.244995,7,70,4.22973,0.338727,153.214
529928,4184910.0,5889,4623,1,-0.0133734,0.261477,39.4214,150.765,18159,5932,4608,3486,0.253392,8,57,5.04059,0.326846,134.797
529932,4184910.0,5889,4624,1,-0.0185419,0.28204,37.4431,132.758,18159,5930,4609,3486,0.246715,8,47,6.15396,0.35255,129.137
531104,4184910.0,5889,5015,4,-0.0136459,0.407543,62.0494,152.253,18159,5906,4978,3434,0.150545,24,35,5.19408,0.509428,123.275
529920,4184910.0,5890,4620,1,-0.014698,0.238301,51.7014,216.959,18159,5947,4607,3486,0.245338,10,85,7.97213,0.297876,174.374
529922,4184910.0,5890,4621,1,-0.0211296,0.268669,43.4955,161.893,18159,5936,4607,3486,0.235797,3,68,8.5518,0.335836,144.238
529926,4184910.0,5890,4622,1,-0.0130892,0.266426,38.3373,143.895,18159,5932,4608,3486,0.235418,8,53,4.70869,0.333032,132.833
529986,4184910.0,5890,4642,1,-0.000814573,0.324071,77.9364,240.492,18159,5967,4620,3487,0.263619,29,69,0.489745,0.405089,238.78
530120,4184910.0,5890,4687,1,-0.00488834,0.367295,35.3451,96.231,18159,5921,4694,3472,0.230376,19,20,1.17602,0.459118,93.9376
531102,4184910.0,5890,5014,4,-0.00714569,0.533331,49.5012,92.8151,18159,5898,4986,3424,0.162494,16,19,1.65807,0.666664,89.2091
531104,4184910.0,5890,5015,4,-0.0156719,0.411848,61.5963,149.561,18159,5906,4978,3434,0.156357,25,33,5.85976,0.51481,122.063
529920,4184910.0,5891,4620,1,-0.00850893,0.273678,42.4831,155.23,18159,5936,4607,3486,0.242861,4,63,3.30211,0.342097,139.231
529922,4184910.0,5891,4621,1,-0.0117899,0.269235,37.2772,138.456,18159,5932,4608,3486,0.241525,7,52,4.08094,0.336544,129.75
529986,4184910.0,5891,4642,1,-0.0235727,0.32521,77.2783,237.626,18159,5967,4620,3487,0.278595,28,69,14.0037,0.406513,235.74
529988,4184910.0,5891,4643,1,-0.010621,0.324032,77.2713,238.468,18159,5967,4620,3487,0.270781,28,70,6.33191,0.40504,236.396
530120,4184910.0,5891,4687,1,-0.0100454,0.362568,25.9865,71.6735,18159,5915,4688,3472,0.232264,11,15,1.79998,0.45321,70.5409
530124,4184910.0,5891,4688,1,-0.000193506,0.382326,48.8915,127.879,18159,5930,4703,3472,0.229729,34,19,0.0618634,0.477907,124.496
530126,4184910.0,5891,4689,1,-0.00156901,0.421113,17.788,42.2404,18159,5897,4701,3462,0.23144,7,10,0.16569,0.526392,41.6497
531102,4184910.0,5891,5014,4,-0.00829209,0.539141,49.0573,90.9915,18159,5898,4986,3424,0.165754,15,19,1.88628,0.673926,88.3775
531104,4184910.0,5891,5015,4,-0.0208243,0.416857,61.1403,146.67,18159,5906,4978,3434,0.157611,25,32,7.63572,0.521071,120.926
529908,4184920.0,5892,4616,5,-0.00428546,0.215215,58.3747,271.24,18159,5970,4585,3491,0.262086,6,108,2.90597,0.269018,250.683
529910,4184920.0,5892,4617,5,-0.0171388,0.231322,56.9296,246.106,18159,5957,4611,3486,0.257409,8,102,10.5449,0.289152,196.507
529914,4184920.0,5892,4618,1,-0.0201056,0.270851,43.8167,161.774,18159,5938,4607,3486,0.244371,6,64,8.13141,0.338564,140.27
529916,4184920.0,5892,4619,1,-0.0188341,0.275937,41.4604,150.253,18159,5936,4607,3486,0.242594,5,60,7.07472,0.344921,135.322
529920,4184920.0,5892,4620,1,-0.0102598,0.262952,35.0847,133.426,18159,5931,4608,3486,0.242,6,50,3.42234,0.32869,120.756
529986,4184920.0,5892,4642,1,-0.0243847,0.32537,76.3661,234.706,18159,5967,4620,3487,0.302975,28,68,14.308,0.406712,232.811
529988,4184920.0,5892,4643,1,-0.0212331,0.324511,76.4233,235.503,18159,5967,4620,3487,0.285938,28,69,12.5011,0.405639,233.517
530124,4184920.0,5892,4688,1,-0.00439503,0.376832,33.8847,89.92,18159,5921,4694,3472,0.229215,21,15,0.988003,0.47104,87.6222
530126,4184920.0,5892,4689,1,-0.0164129,0.403871,18.6971,46.2947,18159,5898,4702,3462,0.22571,13,7,1.89958,0.504839,44.3365
530130,4184920.0,5892,4690,1,-0.00834878,0.449994,14.9669,33.2603,18159,5896,4700,3462,0.241693,9,4,0.694207,0.562492,33.2346
531102,4184920.0,5892,5014,4,-0.0124928,0.543622,48.6317,89.4586,18159,5898,4986,3424,0.159709,18,19,2.79397,0.679528,87.6663
531104,4184920.0,5892,5015,4,-0.0203627,0.422084,60.6361,143.659,18159,5906,4978,3434,0.158989,25,31,7.3132,0.527605,119.859
529904,4184920.0,5893,4615,5,-0.00741878,0.217179,57.2468,263.593,18159,5970,4585,3491,0.273092,5,109,4.88885,0.271473,245.973
529908,4184920.0,5893,4616,5,-0.00879622,0.241531,47.9009,198.322,18159,5947,4607,3486,0.272707,10,76,4.36121,0.301913,164.215
529910,4184920.0,5893,4617,1,-0.0127743,0.270737,41.3104,152.585,18159,5937,4607,3486,0.273428,6,59,4.87291,0.338421,134.448
529914,4184920.0,5893,4618,1,-0.0141012,0.277017,40.3787,145.763,18159,5936,4607,3486,0.265135,6,57,5.13857,0.346271,131.588
529916,4184920.0,5893,4619,1,-0.0190653,0.27106,35.295,130.211,18159,5932,4608,3486,0.261726,8,47,6.20628,0.338825,122.195
529986,4184920.0,5893,4642,1,-0.0103015,0.325327,75.3993,231.764,18159,5967,4620,3487,0.309818,28,67,5.96879,0.406659,229.912
529988,4184920.0,5893,4643,1,-0.0167439,0.324894,75.5522,232.544,18159,5967,4620,3487,0.292841,28,68,9.73421,0.406117,230.637
530124,4184920.0,5893,4688,1,-0.00404905,0.377014,27.0004,71.6163,18159,5917,4690,3472,0.231864,14,13,0.724945,0.471268,70.8722
530126,4184920.0,5893,4689,1,-0.017596,0.342761,24.608,71.7935,18159,5902,4708,3462,0.224424,29,2,3.15819,0.428451,64.6038
530130,4184920.0,5893,4690,1,-0.0228189,0.445423,16.3325,36.6674,18159,5897,4701,3462,0.247587,9,7,2.09178,0.556778,36.1761
531102,4184920.0,5893,5014,4,-0.0128594,0.545488,48.1728,88.3114,18159,5898,4986,3424,0.157185,15,17,2.83907,0.68186,86.8647
531104,4184920.0,5893,5015,4,-0.00948927,0.427065,60.1214,140.778,18159,5906,4978,3434,0.15463,25,30,3.3397,0.533831,118.853
529904,4184920.0,5894,4615,5,-0.00238806,0.244439,46.7108,191.094,18159,5947,4607,3486,0.273137,9,75,1.14086,0.305549,161.388
529908,4184920.0,5894,4616,1,-0.00535863,0.274301,40.1605,146.41,18159,5937,4607,3486,0.274665,5,58,1.9614,0.342876,132.302
529910,4184920.0,5894,4617,1,-0.00962832,0.276678,39.1617,141.543,18159,5936,4607,3486,0.276831,6,55,3.40705,0.345847,127.963
529914,4184920.0,5894,4618,1,-0.00408567,0.266227,34.0914,128.054,18159,5932,4608,3486,0.27344,8,47,1.30796,0.332784,117.175
529986,4184920.0,5894,4642,1,-0.000615145,0.325387,74.4568,228.825,18159,5967,4620,3487,0.309908,29,65,0.351902,0.406734,227.017
529988,4184920.0,5894,4643,1,-0.0101167,0.325273,74.684,229.604,18159,5967,4620,3487,0.301978,28,67,5.80708,0.406591,227.748
530126,4184920.0,5894,4689,1,-0.0225287,0.384942,33.6283,87.3595,18159,5922,4695,3472,0.245253,24,11,4.92023,0.481177,84.6489
530130,4184920.0,5894,4690,1,-0.0371916,0.423616,17.2095,40.6252,18159,5898,4702,3462,0.271484,13,4,3.77728,0.52952,39.1126
531102,4184920.0,5894,5014,4,-0.0156966,0.54699,47.7264,87.2529,18159,5898,4986,3424,0.146073,13,20,3.42392,0.683737,86.1681
531104,4184920.0,5894,5015,4,-0.00772028,0.43222,59.6859,138.091,18159,5906,4978,3434,0.138079,27,27,2.66526,0.540275,117.912
529892,4184920.0,5895,4611,5,-0.00549031,0.171895,57.21,332.819,18159,5977,4583,3495,0.221873,0,153,4.5682,0.214869,258.381
529910,4184920.0,5895,4617,1,-0.002525,0.272312,34.3403,126.107,18159,5933,4608,3486,0.270669,9,45,0.796048,0.34039,117.792
530126,4184920.0,5895,4689,1,-0.0248276,0.396163,31.7273,80.0866,18159,5921,4694,3472,0.265635,19,13,4.97089,0.495204,78.028
530130,4184920.0,5895,4690,1,-0.0345601,0.404595,54.1374,133.806,18159,5908,4728,3462,0.293239,56,2,11.5609,0.505744,122.208
530132,4184920.0,5895,4691,1,-0.0114379,0.446471,15.7576,35.2937,18159,5898,4702,3462,0.323406,10,5,1.00922,0.558088,35.7016
531102,4184920.0,5895,5014,4,-0.0158452,0.546362,47.2288,86.4424,18159,5899,4986,3424,0.13649,13,18,3.42425,0.682952,86.3688
531104,4184920.0,5895,5015,4,-0.0125131,0.438254,59.3093,135.331,18159,5906,4978,3434,0.113774,27,26,4.23352,0.547817,117.045
529890,4184930.0,5896,4610,5,-0.00771974,0.204763,55.073,268.959,18159,5973,4585,3491,0.226042,0,115,5.19073,0.255954,243.144
529892,4184930.0,5896,4611,5,-0.00821462,0.212345,53.6185,252.507,18159,5970,4585,3491,0.221889,7,98,5.18561,0.265431,234.155
529904,4184930.0,5896,4615,1,-0.00194297,0.27823,36.9083,132.654,18159,5936,4607,3486,0.239964,6,49,0.644357,0.347788,120.65
529908,4184930.0,5896,4616,1,-0.00308334,0.271514,33.3012,122.65,18159,5933,4608,3486,0.248206,8,44,0.945428,0.339393,113.69
530126,4184930.0,5896,4689,1,-0.0160356,0.396882,26.1551,65.9014,18159,5918,4691,3472,0.267328,13,10,2.64192,0.496102,64.8797
530130,4184930.0,5896,4690,1,-0.0136682,0.393232,31.7951,80.8557,18159,5922,4695,3472,0.291721,21,11,2.76289,0.49154,78.2281
530132,4184930.0,5896,4691,1,-0.0052736,0.411975,16.3028,39.5723,18159,5899,4703,3462,0.304617,15,1,0.521721,0.514968,38.4025
530136,4184930.0,5896,4692,1,-0.0164585,0.464399,14.3516,30.9035,18159,5898,4702,3462,0.32889,8,5,1.27157,0.580498,32.1436
531102,4184930.0,5896,5014,1,-0.0159001,0.539033,46.5322,86.3254,18159,5900,4986,3424,0.132167,14,17,3.43145,0.673791,86.4604
531104,4184930.0,5896,5015,4,-0.0184199,0.441999,58.989,133.459,18159,5906,4978,3434,0.105428,28,24,6.14577,0.552499,116.239
529886,4184930.0,5897,4609,5,-0.00172614,0.209646,52.041,248.232,18159,5970,4585,3491,0.224548,8,98,1.07121,0.262058,229.4
529892,4184930.0,5897,4611,5,-0.00628555,0.231862,43.7827,188.831,18159,5948,4607,3486,0.226495,9,73,2.96726,0.289827,154.208
529896,4184930.0,5897,4612,5,-0.00318529,0.279,39.0927,140.117,18159,5939,4607,3486,0.224061,7,53,1.11578,0.34875,127.119
529898,4184930.0,5897,4613,1,-0.000814512,0.276815,35.4253,127.974,18159,5936,4607,3486,0.231696,4,50,0.260592,0.346019,117.057
529902,4184930.0,5897,4614,1,-0.00247689,0.276463,35.2704,127.577,18159,5935,4608,3486,0.237224,7,46,0.78999,0.345578,114.033
529904,4184930.0,5897,4615,1,-0.0153748,0.273927,32.3791,118.204,18159,5933,4608,3486,0.236015,8,42,4.54339,0.342408,110.322
530130,4184930.0,5897,4690,1,-0.024805,0.404781,29.8182,73.665,18159,5921,4694,3472,0.294847,18,11,4.56814,0.505977,71.6929
530132,4184930.0,5897,4691,1,-0.0319109,0.400614,33.7919,84.3504,18159,5924,4697,3472,0.305412,22,12,6.72924,0.500767,81.6728
530136,4184930.0,5897,4692,1,-0.0336045,0.430807,15.0636,34.9659,18159,5899,4703,3462,0.3299,14,0,2.93753,0.538509,34.9823
530138,4184930.0,5897,4693,1,-0.0100766,0.4792,12.9517,27.0277,18159,5898,4702,3462,0.358854,9,2,0.68087,0.599,28.6471
531102,4184930.0,5897,5014,1,-0.0256619,0.533027,50.0833,93.9602,18159,5901,4984,3424,0.136657,14,21,6.02799,0.666284,92.392
531104,4184930.0,5897,5015,4,-0.0270116,0.444704,58.7021,132.003,18159,5906,4978,3434,0.116805,30,21,8.91402,0.555879,115.511
529884,4184930.0,5898,4608,5,-0.00964494,0.210719,51.2294,243.117,18159,5970,4585,3491,0.227557,8,96,5.86212,0.263399,225.61
529886,4184930.0,5898,4609,5,-0.0135762,0.213581,51.6624,241.887,18159,5970,4585,3491,0.229857,5,96,8.20976,0.266976,226.319
529890,4184930.0,5898,4610,5,-0.00859377,0.2366,42.2856,178.722,18159,5947,4607,3486,0.22851,10,67,3.83974,0.29575,146.444
529892,4184930.0,5898,4611,5,-0.00855649,0.282844,38.0548,134.543,18159,5939,4607,3486,0.232522,7,51,2.87804,0.353555,124.797
529896,4184930.0,5898,4612,1,-0.00254718,0.278673,34.4135,123.491,18159,5936,4607,3486,0.232393,4,48,0.786383,0.348341,113.593
529898,4184930.0,5898,4613,1,-0.00671414,0.27935,34.2445,122.586,18159,5935,4608,3486,0.241849,7,44,2.05766,0.349188,111.079
529902,4184930.0,5898,4614,1,-0.0189993,0.274051,31.2759,114.124,18159,5933,4608,3486,0.248021,8,40,5.42072,0.342563,106.75
529986,4184930.0,5898,4642,1,-0.00549176,0.327552,71.1375,217.18,18159,5967,4620,3487,0.256304,29,61,2.98175,0.40944,215.454
530132,4184930.0,5898,4691,1,-0.0400231,0.406255,29.9744,73.7822,18159,5922,4695,3472,0.339563,17,12,7.38249,0.507819,71.6237
530136,4184930.0,5898,4692,1,-0.0291739,0.406136,34.2641,84.3661,18159,5925,4698,3472,0.345368,25,7,6.15322,0.50767,81.696
530138,4184930.0,5898,4693,1,-0.00570757,0.436143,13.5401,31.045,18159,5899,4703,3462,0.346937,11,1,0.442979,0.545178,31.584
531102,4184930.0,5898,5014,1,-0.0139248,0.506096,53.4425,105.597,18159,5902,4982,3424,0.139545,25,16,3.67605,0.632621,98.037
531104,4184930.0,5898,5015,4,-0.0193135,0.447951,58.3571,130.276,18159,5906,4978,3434,0.126257,32,20,6.29018,0.559938,114.866
529880,4184940.0,5899,4607,5,-0.00438844,0.210584,50.1891,238.333,18159,5970,4585,3491,0.226947,8,92,2.61478,0.263229,221.836
529884,4184940.0,5899,4608,5,-0.00847291,0.214958,50.7688,236.18,18159,5970,4585,3491,0.233545,5,92,5.00283,0.268698,222.01
529886,4184940.0,5899,4609,5,-0.0116782,0.235948,41.1481,174.395,18159,5947,4607,3486,0.241857,10,65,5.09156,0.294934,143.338
529890,4184940.0,5899,4610,5,-0.00908274,0.280583,37.1663,132.461,18159,5939,4607,3486,0.246218,6,50,3.00777,0.350729,120.034
529892,4184940.0,5899,4611,1,-0.0102456,0.27989,33.4192,119.401,18159,5936,4607,3486,0.24425,4,46,3.05835,0.349862,110.261
529898,4184940.0,5899,4613,1,-0.00635728,0.271935,30.2137,111.106,18159,5933,4608,3486,0.252227,8,38,1.76583,0.339918,102.515
529986,4184940.0,5899,4642,1,-0.0104167,0.328149,70.3087,214.259,18159,5967,4620,3487,0.260497,28,61,5.57965,0.410186,212.578
529988,4184940.0,5899,4643,1,-0.00301257,0.325145,69.9123,215.019,18159,5967,4621,3487,0.263309,24,65,1.6194,0.406431,213.162
530136,4184940.0,5899,4692,1,-0.0133095,0.402272,29.5905,73.5583,18159,5923,4696,3472,0.338345,20,9,2.44757,0.50284,71.611
530138,4184940.0,5899,4693,1,-0.00972773,0.411626,39.1708,95.1612,18159,5929,4702,3472,0.299709,28,10,2.31426,0.514532,92.7719
530142,4184940.0,5899,4694,1,-0.0223329,0.446936,13.6592,30.562,18159,5900,4704,3462,0.282702,11,1,1.70634,0.558669,31.7296
530144,4184940.0,5899,4695,1,-0.018535,0.494972,11.5973,23.4303,18159,5899,4703,3462,0.297692,9,0,1.0857,0.618715,25.5235
531098,4184940.0,5899,5013,1,-0.00370259,0.549758,48.9941,89.1195,18159,5901,4984,3424,0.134674,15,19,0.824932,0.687198,88.6247
531104,4184940.0,5899,5015,4,-0.0100647,0.449174,57.8419,128.774,18159,5906,4978,3434,0.12532,34,17,3.24018,0.561467,114.297
529878,4184940.0,5900,4606,5,-0.0079521,0.210956,49.3117,233.754,18159,5970,4585,3491,0.20576,8,88,4.64708,0.263695,218.068
529880,4184940.0,5900,4607,5,-0.00475678,0.21458,49.7408,231.805,18159,5970,4585,3491,0.211656,5,92,2.75662,0.268225,218.249
529886,4184940.0,5900,4609,5,-0.000493131,0.271073,36.8987,136.121,18159,5941,4607,3486,0.243643,9,49,0.167814,0.338841,124.286
529892,4184940.0,5900,4611,1,-0.00712598,0.2787,32.1403,115.322,18159,5935,4608,3486,0.256356,7,40,2.05446,0.348375,103.823
529896,4184940.0,5900,4612,1,-0.00511333,0.268433,29.1276,108.51,18159,5933,4608,3486,0.251309,8,36,1.38712,0.335541,98.0754
529988,4184940.0,5900,4643,1,-0.00903874,0.326045,69.137,212.048,18159,5967,4621,3487,0.267113,23,65,4.79161,0.407556,210.305
530138,4184940.0,5900,4693,1,-0.0119584,0.414113,30.3449,73.2769,18159,5924,4697,3472,0.272054,20,9,2.19069,0.517641,71.6033
530142,4184940.0,5900,4694,1,-0.0350706,0.422526,43.528,103.019,18159,5932,4705,3472,0.26704,27,15,9.03231,0.528158,100.341
530144,4184940.0,5900,4695,1,-0.0373603,0.424784,12.5535,29.5528,18159,5900,4704,3462,0.278936,11,1,2.76025,0.53098,27.8139
530148,4184940.0,5900,4696,1,-0.0179563,0.510301,10.3331,20.249,18159,5899,4703,3462,0.304861,6,1,0.908993,0.637876,22.8203
531096,4184940.0,5900,5012,1,-0.0196365,0.576538,48.5457,84.2022,18159,5901,4984,3424,0.141545,15,15,4.13359,0.720672,85.5442
531098,4184940.0,5900,5013,1,-0.00168075,0.533018,57.5241,107.921,18159,5903,4979,3424,0.125688,31,11,0.453474,0.666273,101.866
531102,4184940.0,5900,5014,1,-0.00926675,0.478173,57.4565,120.158,18159,5906,4978,3434,0.127748,28,19,2.7837,0.597716,110.856
531104,4184940.0,5900,5015,4,-0.0140948,0.453062,57.5958,127.126,18159,5906,4978,3434,0.120713,34,16,4.47954,0.566327,113.805
529874,4184940.0,5901,4605,5,-0.0117171,0.211253,48.4499,229.345,18159,5970,4585,3491,0.213656,8,86,6.71815,0.264067,214.318
529878,4184940.0,5901,4606,5,-0.0139444,0.214112,48.8915,228.345,18159,5970,4585,3491,0.211434,2,91,7.96032,0.267641,214.911
529880,4184940.0,5901,4607,5,-0.00698947,0.225789,54.5782,241.722,18159,5966,4615,3487,0.207249,7,99,4.22378,0.282236,197.861
529892,4184940.0,5901,4611,1,-0.00209599,0.274952,29.7185,108.086,18159,5934,4608,3486,0.260344,7,38,0.566367,0.343691,97.8538
529988,4184940.0,5901,4643,1,-0.00383977,0.326746,68.3125,209.069,18159,5967,4621,3487,0.28775,24,63,2.00694,0.408433,207.455
530142,4184940.0,5901,4694,1,-0.0279756,0.422979,30.9214,73.1039,18159,5925,4698,3472,0.274173,23,6,5.11281,0.528724,71.5622
530144,4184940.0,5901,4695,1,-0.0330453,0.427049,44.2996,103.734,18159,5933,4706,3472,0.276731,28,14,8.56982,0.533811,100.545
530148,4184940.0,5901,4696,1,-0.0261869,0.438953,13.5179,30.7958,18159,5901,4706,3462,0.276168,12,1,2.01612,0.548691,31.522
530150,4184940.0,5901,4697,1,-0.0181574,0.521523,10.5397,20.2095,18159,5900,4704,3462,0.289246,6,1,0.917376,0.651903,22.7654
531092,4184940.0,5901,5011,1,-0.059662,0.59656,48.0348,80.5196,18159,5901,4984,3424,0.231168,13,17,12.0099,0.745699,82.5096
531096,4184940.0,5901,5012,1,-0.0304659,0.559939,51.9682,92.8105,18159,5902,4982,3424,0.155873,22,14,7.0689,0.699924,89.596
531098,4184940.0,5901,5013,1,-0.0131132,0.503796,56.9278,112.998,18159,5906,4978,3434,0.135479,19,24,3.70439,0.629745,107.505
531102,4184940.0,5901,5014,1,-0.0201848,0.479724,57.1701,119.173,18159,5906,4978,3434,0.140047,30,16,6.0137,0.599654,110.418
531104,4184940.0,5901,5015,4,-0.0231648,0.458042,57.2548,124.999,18159,5906,4978,3434,0.132634,34,15,7.23895,0.572552,113.39
529878,4184950.0,5902,4606,5,-0.0104376,0.219409,49.0076,223.362,18159,5971,4587,3491,0.222748,2,91,5.82841,0.274261,214.435
529880,4184950.0,5902,4607,5,-0.0123923,0.245781,38.8214,157.951,18159,5947,4607,3486,0.215515,10,58,4.89344,0.307226,135.619
530144,4184950.0,5902,4695,1,-0.0217941,0.428376,31.2518,72.954,18159,5926,4699,3472,0.283797,20,7,3.97492,0.53547,71.7413
530148,4184950.0,5902,4696,1,-0.0309791,0.434015,45.0081,103.702,18159,5934,4707,3472,0.2673,31,11,8.03147,0.542519,100.38
530150,4184950.0,5902,4697,1,-0.0251059,0.401819,14.0907,35.0674,18159,5902,4708,3462,0.267596,12,2,2.20099,0.502274,34.5047
530154,4184950.0,5902,4698,1,-0.0215286,0.487025,11.6269,23.8734,18159,5901,4706,3462,0.264592,8,0,1.2849,0.608781,25.555
531090,4184950.0,5902,5010,1,-0.0428855,0.595335,49.0431,82.379,18159,5901,4983,3424,0.335868,16,13,8.83216,0.744168,81.5133
531092,4184950.0,5902,5011,1,-0.0542693,0.583009,51.2199,87.8544,18159,5902,4982,3424,0.250613,20,14,11.9195,0.728761,85.9013
531096,4184950.0,5902,5012,1,-0.0352474,0.532593,56.3598,105.822,18159,5906,4978,3434,0.183209,25,14,9.32483,0.665742,104.261
531098,4184950.0,5902,5013,1,-0.0171289,0.501475,56.5074,112.682,18159,5906,4978,3434,0.159065,25,19,4.82532,0.626844,107.102
531104,4184950.0,5902,5015,4,-0.0178076,0.463132,56.7468,122.528,18159,5906,4978,3434,0.152986,34,14,5.45483,0.578915,113.054
529880,4184950.0,5903,4607,1,-0.0103233,0.286495,33.7005,117.631,18159,5939,4607,3486,0.222079,6,43,3.03584,0.358118,107.678
529884,4184950.0,5903,4608,1,-0.00748399,0.285869,29.8535,104.431,18159,5936,4607,3486,0.213402,4,39,1.9539,0.357336,97.5817
530148,4184950.0,5903,4696,1,-0.0225444,0.439402,35.2133,80.1391,18159,5929,4702,3472,0.27522,21,10,4.51671,0.549252,78.8239
530150,4184950.0,5903,4697,1,-0.0204334,0.436424,43.7449,100.235,18159,5934,4707,3472,0.258195,30,10,5.12034,0.54553,96.64
530154,4184950.0,5903,4698,1,-0.0166306,0.41557,15.4852,37.2626,18159,5903,4710,3462,0.245899,15,0,1.54925,0.519463,37.511
530156,4184950.0,5903,4699,1,-0.0316158,0.462637,12.1992,26.3689,18159,5901,4707,3462,0.249139,9,2,2.08418,0.578296,24.5421
531086,4184950.0,5903,5009,1,-0.0168874,0.608554,48.942,80.4234,18159,5902,4982,3424,0.358567,17,12,3.39536,0.760693,82.5869
531090,4184950.0,5903,5010,1,-0.0319316,0.577779,52.0999,90.1727,18159,5902,4981,3424,0.313705,20,13,7.19839,0.722223,88.4073
531092,4184950.0,5903,5011,1,-0.0291423,0.559259,56.1503,100.401,18159,5905,4978,3434,0.253551,29,9,7.31482,0.699074,100.635
531096,4184950.0,5903,5012,1,-0.0222568,0.5249,55.821,106.346,18159,5906,4978,3434,0.20112,19,21,5.91729,0.656126,103.861
531104,4184950.0,5903,5015,4,-0.00922312,0.46877,56.2834,120.066,18159,5906,4978,3434,0.151638,34,13,2.76846,0.585962,112.797
529868,4184950.0,5904,4603,5,-0.00284505,0.212185,46.1171,217.344,18159,5970,4585,3491,0.198344,5,84,1.54589,0.265231,203.897
529872,4184950.0,5904,4604,5,-0.00642974,0.22095,46.5879,210.853,18159,5970,4587,3491,0.194739,2,82,3.38932,0.276187,202.749
529874,4184950.0,5904,4605,5,-0.00971238,0.238443,36.9727,155.058,18159,5947,4607,3486,0.197896,10,56,3.76497,0.298054,128.509
529880,4184950.0,5904,4607,1,-0.000337396,0.281773,28.9113,102.605,18159,5936,4607,3486,0.226245,3,40,0.0865463,0.352216,96.126
529884,4184950.0,5904,4608,1,-0.00779794,0.292812,29.4295,100.507,18159,5936,4607,3486,0.223636,6,34,1.95936,0.366014,94.5136
529986,4184950.0,5904,4642,1,-0.000272612,0.32878,65.5615,199.408,18159,5967,4621,3487,0.308825,28,55,0.135903,0.410975,198.263
529988,4184950.0,5904,4643,1,-0.0017436,0.328115,65.6921,200.211,18159,5967,4621,3487,0.309028,24,60,0.872721,0.410143,198.885
530150,4184950.0,5904,4697,1,-0.00673492,0.444996,35.6353,80.0801,18159,5930,4703,3472,0.247031,17,14,1.34833,0.556245,78.9433
530154,4184950.0,5904,4698,1,-0.00759984,0.441416,44.1812,100.09,18159,5935,4708,3473,0.232257,32,8,1.90167,0.551769,96.5756
530156,4184950.0,5904,4699,1,-0.0280506,0.442268,20.2162,45.7103,18159,5904,4713,3462,0.238342,17,0,3.20551,0.552835,43.3194
530160,4184950.0,5904,4700,1,-0.037532,0.43603,12.9988,29.8117,18159,5902,4709,3462,0.275417,11,1,2.79723,0.545038,28.1718
531080,4184950.0,5904,5007,1,-0.0174368,0.609057,48.6136,79.8179,18159,5902,4981,3424,0.372204,17,12,3.47942,0.761321,78.8156
531084,4184950.0,5904,5008,1,-0.0138646,0.605155,50.6636,83.7201,18159,5903,4980,3424,0.353756,19,13,2.90186,0.756443,85.5898
531086,4184950.0,5904,5009,1,-0.0296691,0.591446,55.0533,93.0826,18159,5904,4978,3434,0.330095,25,9,6.90419,0.739307,94.5051
531090,4184950.0,5904,5010,1,-0.0254919,0.561325,54.3248,96.7795,18159,5906,4978,3434,0.288408,22,13,6.16772,0.701657,97.7436
531092,4184950.0,5904,5011,1,-0.0125166,0.54113,54.8251,101.316,18159,5906,4978,3434,0.237068,19,19,3.17032,0.676412,100.667
531104,4184950.0,5904,5015,4,-0.00659007,0.474195,55.871,117.823,18159,5906,4978,3434,0.136842,34,12,1.94115,0.592743,112.619
529872,4184960.0,5905,4604,5,-0.00680605,0.235377,36.888,156.719,18159,5948,4607,3486,0.200293,9,58,2.66659,0.294222,130.307
529874,4184960.0,5905,4605,1,-0.0157522,0.255213,36.6035,143.423,18159,5947,4607,3486,0.201421,10,51,5.64809,0.319016,127.719
530154,4184960.0,5905,4698,1,-0.0195456,0.457205,38.3166,83.8062,18159,5932,4705,3472,0.229351,21,12,4.0951,0.571507,82.4398
530156,4184960.0,5905,4699,1,-0.0319623,0.45174,45.0725,99.7752,18159,5936,4709,3473,0.241628,31,9,7.97261,0.564675,96.3686
530160,4184960.0,5905,4700,1,-0.0318879,0.462762,24.5349,53.0185,18159,5905,4716,3462,0.263761,15,6,4.22663,0.578452,49.2109
530162,4184960.0,5905,4701,1,-0.0282292,0.515519,18.3601,35.6148,18159,5904,4713,3462,0.299787,14,0,2.51345,0.644399,37.7423
530166,4184960.0,5905,4702,1,-0.0205863,0.497244,11.7888,23.7082,18159,5903,4710,3462,0.34171,9,0,1.22016,0.621556,26.4154
531080,4184960.0,5905,5007,1,-0.0200889,0.598361,51.8052,86.5785,18159,5905,4978,3434,0.385036,22,10,4.34817,0.747951,88.5005
531084,4184960.0,5905,5008,1,-0.025057,0.578779,52.1477,90.0995,18159,5906,4978,3434,0.355273,20,12,5.64405,0.723473,91.5808
531086,4184960.0,5905,5009,1,-0.0251175,0.565692,53.0421,93.7649,18159,5906,4978,3434,0.320146,19,16,5.88786,0.707115,94.5435
531090,4184960.0,5905,5010,1,-0.017199,0.552453,53.833,97.4436,18159,5906,4978,3434,0.275076,18,18,4.18984,0.690566,97.5379
531104,4184960.0,5905,5015,4,-0.0056038,0.479178,55.4763,115.774,18159,5906,4978,3434,0.113406,34,11,1.62194,0.598972,112.521
529862,4184960.0,5906,4601,5,-0.00693387,0.213289,44.6115,209.16,18159,5970,4585,3491,0.174689,6,79,3.62572,0.266611,196.63
529866,4184960.0,5906,4602,5,-0.00323267,0.219557,44.9799,204.867,18159,5970,4587,3491,0.182488,0,80,1.65567,0.274446,196.009
529868,4184960.0,5906,4603,5,-0.00745994,0.22626,46.1825,204.112,18159,5962,4612,3486,0.182571,14,74,3.80666,0.282825,169.41
529872,4184960.0,5906,4604,1,-0.000490895,0.247775,35.6134,143.733,18159,5947,4607,3486,0.197505,10,51,0.176394,0.309719,123.897
529874,4184960.0,5906,4605,1,-0.0053237,0.293165,31.3065,106.788,18159,5939,4607,3486,0.206274,6,38,1.42127,0.366456,98.9638
529878,4184960.0,5906,4606,1,-0.00723416,0.293496,27.5307,93.8026,18159,5936,4607,3486,0.206207,4,34,1.69646,0.36687,88.5158
530156,4184960.0,5906,4699,1,-0.0258346,0.470016,39.4496,83.9324,18159,5933,4706,3472,0.260078,24,9,5.42091,0.58752,82.4192
530160,4184960.0,5906,4700,1,-0.0216316,0.460691,44.0387,95.5927,18159,5936,4709,3473,0.25867,29,9,5.16957,0.575864,92.6142
530162,4184960.0,5906,4701,1,-0.0386824,0.454467,47.6288,104.801,18159,5938,4711,3473,0.288745,37,6,10.1349,0.568084,99.1308
530166,4184960.0,5906,4702,1,-0.0358466,0.491725,22.6877,46.139,18159,5905,4716,3462,0.329037,12,6,4.13482,0.614656,43.1145
530168,4184960.0,5906,4703,1,-0.0162255,0.541143,19.401,35.852,18159,5905,4715,3462,0.338357,8,6,1.45429,0.676428,37.6814
530172,4184960.0,5906,4704,1,-0.0099465,0.525988,15.1479,28.7989,18159,5904,4713,3462,0.299602,10,0,0.71612,0.657484,28.1703
531080,4184960.0,5906,5007,1,-0.0120508,0.579133,50.5309,87.2526,18159,5906,4978,3434,0.391828,21,15,2.62865,0.723917,88.5002
531104,4184960.0,5906,5015,4,-0.00418049,0.483591,55.1898,114.125,18159,5906,4978,3434,0.0882159,35,9,1.19275,0.604488,112.503
531108,4184960.0,5906,5016,4,-0.0146333,0.427604,55.2969,129.318,18159,5906,4978,3434,0.0659119,36,11,4.73087,0.534505,115.503
529860,4184960.0,5907,4600,5,-0.00782749,0.213995,43.8743,205.025,18159,5970,4585,3491,0.180511,6,79,4.01208,0.267493,192.992
529862,4184960.0,5907,4601,5,-0.0047511,0.219842,44.4057,201.989,18159,5970,4586,3491,0.187626,3,78,2.39917,0.274803,192.665
529866,4184960.0,5907,4602,5,-0.00983216,0.224353,45.9598,204.855,18159,5972,4587,3491,0.187639,2,83,5.03541,0.280441,201.894
529868,4184960.0,5907,4603,1,-0.012892,0.244248,34.901,142.892,18159,5947,4607,3486,0.184758,10,51,4.60539,0.30531,120.341
530162,4184960.0,5907,4701,1,-0.0558126,0.469128,41.1544,87.7253,18159,5935,4708,3473,0.297979,26,8,12.2404,0.58641,85.4974
530166,4184960.0,5907,4702,1,-0.0417,0.471008,44.4758,94.4267,18159,5937,4710,3473,0.340647,25,12,9.84399,0.58876,91.7829
530168,4184960.0,5907,4703,1,-0.0161366,0.456559,45.2976,99.2151,18159,5938,4711,3473,0.345454,37,5,4.00248,0.570699,94.8128
530172,4184960.0,5907,4704,1,-0.00552271,0.526465,22.1936,42.1558,18159,5905,4717,3462,0.297812,12,4,0.582035,0.658082,39.202
530174,4184960.0,5907,4705,1,-0.0221908,0.579627,19.5992,33.8135,18159,5905,4716,3462,0.273279,7,7,1.87588,0.724534,32.3637
531104,4184960.0,5907,5015,4,-0.00216555,0.487333,55.0281,112.917,18159,5906,4978,3434,0.0731317,34,9,0.611316,0.609166,112.565
531108,4184960.0,5907,5016,4,-0.0236268,0.439107,55.1869,125.68,18159,5906,4978,3434,0.0497374,36,10,7.42352,0.548884,115.565
529860,4184960.0,5908,4600,5,-0.00790224,0.219417,43.631,198.85,18159,5970,4586,3491,0.187753,4,75,3.9284,0.274271,189.448
529862,4184960.0,5908,4601,5,-0.0108941,0.221062,43.7815,198.051,18159,5970,4587,3491,0.192133,0,79,5.39399,0.276327,189.75
529866,4184960.0,5908,4602,1,-0.00562804,0.240891,34.0663,141.418,18159,5947,4607,3486,0.1971,10,49,1.98977,0.301113,117.145
529868,4184960.0,5908,4603,1,-0.00889225,0.253873,34.3869,135.449,18159,5947,4607,3486,0.197679,9,49,3.01112,0.317341,118.565
529872,4184960.0,5908,4604,1,-0.00658674,0.305694,30.0688,98.3626,18159,5939,4607,3486,0.193773,7,34,1.61972,0.382117,94.5312
529874,4184960.0,5908,4605,1,-0.00185124,0.300068,26.0989,86.9767,18159,5936,4607,3486,0.210382,4,31,0.402536,0.375085,82.6449
529986,4184960.0,5908,4642,1,-0.00506765,0.330887,62.0947,187.661,18159,5967,4621,3487,0.25607,26,53,2.3775,0.413609,186.786
529988,4184960.0,5908,4643,1,-0.00453529,0.333028,63.7776,191.508,18159,5968,4622,3487,0.250651,23,57,2.17137,0.416285,189.026
530168,4184960.0,5908,4703,1,-0.0152425,0.469793,40.4413,86.0832,18159,5936,4709,3473,0.363297,20,13,3.2803,0.587242,84.7651
530172,4184960.0,5908,4704,1,-0.00497694,0.471764,41.9737,88.9718,18159,5937,4710,3473,0.304164,21,13,1.10702,0.589705,87.5842
530174,4184960.0,5908,4705,1,-0.0325541,0.499214,30.5796,61.2555,18159,5907,4724,3462,0.267545,22,3,4.98529,0.624018,58.5461
530178,4184960.0,5908,4706,1,-0.0313804,0.579013,20.5215,35.4423,18159,5905,4717,3462,0.279791,10,3,2.78048,0.723766,33.803
531104,4184960.0,5908,5015,4,-0.0178679,0.488565,54.8934,112.356,18159,5906,4978,3434,0.066755,35,7,5.01893,0.610706,112.708
531108,4184960.0,5908,5016,4,-0.0263569,0.450552,55.0552,122.195,18159,5906,4978,3434,0.048302,36,9,8.0517,0.563191,115.705
529856,4184970.0,5909,4599,5,-0.00585666,0.21787,42.6775,195.885,18159,5970,4585,3491,0.181712,5,73,2.86808,0.272337,185.964
529860,4184970.0,5909,4600,5,-0.0098489,0.222909,42.9742,192.788,18159,5970,4587,3491,0.188252,2,77,4.74687,0.278637,185.492
529862,4184970.0,5909,4601,1,-0.0051505,0.230932,46.5426,201.543,18159,5964,4614,3487,0.19444,13,74,2.59511,0.288665,169.996
529868,4184970.0,5909,4603,1,-0.00487529,0.272893,30.3848,111.343,18159,5942,4607,3486,0.203596,7,39,1.35707,0.341117,100.096
529872,4184970.0,5909,4604,1,-0.0080326,0.303394,26.9105,88.698,18159,5937,4607,3486,0.201784,5,31,1.78119,0.379243,85.0345
529874,4184970.0,5909,4605,1,-0.0016784,0.305226,25.503,83.5545,18159,5936,4607,3486,0.20872,5,29,0.350594,0.381533,79.7319
529986,4184970.0,5909,4642,1,-0.0209387,0.3322,61.3932,184.808,18159,5967,4621,3487,0.261659,24,54,9.67409,0.41525,183.852
529988,4184970.0,5909,4643,1,-0.0119932,0.334802,63.0562,188.339,18159,5968,4622,3487,0.258228,25,56,5.64695,0.418502,186.05
530174,4184970.0,5909,4705,1,-0.0346741,0.482438,40.9082,84.7948,18159,5937,4710,3473,0.274554,19,13,7.35047,0.603047,84.0476
530178,4184970.0,5909,4706,1,-0.0523162,0.58023,84.999,146.492,18159,5926,4751,3360,0.255044,51,10,19.1598,0.725287,145.938
530180,4184970.0,5909,4707,1,-0.0563799,0.532766,24.8097,46.5677,18159,5906,4721,3462,0.293831,16,2,6.5637,0.665958,43.9267
531104,4184970.0,5909,5015,4,-0.0169852,0.488649,54.8491,112.246,18159,5906,4978,3434,0.055084,39,6,4.76632,0.610812,112.932
531108,4184970.0,5909,5016,4,-0.00886741,0.46073,54.9181,119.198,18159,5906,4978,3434,0.0422346,36,8,2.64244,0.575913,115.922
529854,4184970.0,5910,4598,5,-0.0068066,0.217002,41.9029,193.099,18159,5970,4585,3491,0.192984,5,73,3.28587,0.271253,182.749
529856,4184970.0,5910,4599,5,-0.0157045,0.223065,42.4464,190.287,18159,5970,4586,3491,0.192902,2,72,7.47093,0.278831,182.404
529860,4184970.0,5910,4600,1,-0.00498606,0.223573,43.1434,192.972,18159,5971,4587,3491,0.192837,2,77,2.40543,0.279467,187.165
529868,4184970.0,5910,4603,1,-0.00682152,0.306828,28.6586,93.4027,18159,5939,4607,3486,0.20295,6,32,1.59287,0.383536,87.6923
529872,4184970.0,5910,4604,1,-0.00382134,0.304201,24.8272,81.6144,18159,5936,4607,3486,0.201028,3,29,0.779692,0.380252,79.3496
529986,4184970.0,5910,4642,1,-0.0250543,0.333092,60.6048,181.946,18159,5967,4621,3487,0.288329,23,54,11.3964,0.416365,180.944
529988,4184970.0,5910,4643,1,-0.0198985,0.420157,80.9048,192.559,18159,5963,4662,3481,0.281278,44,33,9.57907,0.525196,169.849
530064,4184970.0,5910,4668,1,-0.00941113,0.265823,24.4155,91.8489,18159,5925,4694,3472,0.265079,8,32,2.161,0.332279,90.9546
530174,4184970.0,5910,4705,1,-0.0362194,0.491816,40.1204,81.576,18159,5937,4710,3473,0.340322,21,10,7.38658,0.61477,80.9982
530178,4184970.0,5910,4706,1,-0.0688843,0.496637,41.9615,84.4913,18159,5938,4711,3473,0.310286,23,9,14.5503,0.620796,83.8073
531104,4184970.0,5910,5015,4,-0.0133514,0.48816,54.7145,112.083,18159,5906,4978,3434,0.0425968,36,6,3.74116,0.6102,113.233
529854,4184970.0,5911,4598,5,-0.00157856,0.221532,41.5444,187.533,18159,5970,4586,3491,0.198661,3,69,0.74008,0.276915,179.078
529856,4184970.0,5911,4599,1,-0.00507375,0.225172,41.6465,184.954,18159,5970,4587,3491,0.200514,2,70,2.34603,0.281464,178.923
529866,4184970.0,5911,4602,1,-0.00190738,0.27474,29.0647,105.79,18159,5942,4607,3486,0.19662,7,36,0.504453,0.343425,93.8294
529868,4184970.0,5911,4603,1,-0.00622421,0.303005,25.4868,84.1134,18159,5937,4607,3486,0.200226,6,27,1.30885,0.378756,77.9143
529986,4184970.0,5911,4642,1,-0.0164461,0.333397,59.6803,179.007,18159,5967,4621,3487,0.320701,23,53,7.35991,0.416746,178.03
529988,4184970.0,5911,4643,1,-0.0146441,0.40957,58.4167,142.629,18159,5950,4661,3481,0.313914,32,28,5.2217,0.511963,129.933
531104,4184970.0,5911,5015,4,-0.00740663,0.486778,54.6792,112.329,18159,5906,4978,3434,0.0379136,36,5,2.07995,0.608472,113.62
529844,4184980.0,5912,4595,5,-0.000694372,0.198732,43.4127,218.448,18159,5976,4585,3491,0.197705,4,91,0.379211,0.248415,194.309
529860,4184980.0,5912,4600,1,-0.00719125,0.247465,31.4388,127.043,18159,5947,4607,3486,0.194758,10,43,2.284,0.309332,106.615
529862,4184980.0,5912,4601,1,-0.00997666,0.259897,31.6993,121.969,18159,5947,4607,3486,0.193227,9,43,3.0421,0.324871,107.59
529866,4184980.0,5912,4602,1,-0.00465308,0.316453,27.967,88.3766,18159,5940,4607,3486,0.198947,7,29,1.02806,0.395566,87.0416
529986,4184980.0,5912,4642,1,-0.00670821,0.333381,58.667,175.976,18159,5967,4621,3487,0.336034,19,56,2.95121,0.416727,174.999
529988,4184980.0,5912,4643,1,-0.00480156,0.409376,55.7913,136.284,18159,5949,4661,3481,0.329512,32,26,1.63594,0.511719,124.755
531104,4184980.0,5912,5015,4,-0.00900496,0.486234,54.7045,112.506,18159,5906,4978,3434,0.0475013,39,5,2.53279,0.607793,114.08
531108,4184980.0,5912,5016,4,-0.00927062,0.470549,54.7731,116.403,18159,5906,4978,3434,0.0169807,36,11,2.69781,0.588186,117.039
529842,4184980.0,5913,4594,5,-0.00296193,0.167022,42.2753,253.113,18159,5977,4583,3495,0.20621,0,116,1.87425,0.208777,193.253
529844,4184980.0,5913,4595,5,-0.00384533,0.21587,39.5011,182.986,18159,5970,4585,3491,0.193121,8,68,1.7591,0.269838,172.298
529848,4184980.0,5913,4596,5,-0.00122618,0.21788,39.7357,182.375,18159,5970,4585,3491,0.181879,5,68,0.55906,0.27235,172.717
529860,4184980.0,5913,4600,1,-0.0127472,0.256899,30.9829,120.603,18159,5947,4607,3486,0.200491,10,40,3.84338,0.321124,104.672
529862,4184980.0,5913,4601,1,-0.0122268,0.274137,29.8866,109.021,18159,5945,4607,3486,0.205172,10,35,3.33243,0.342672,96.6272
531104,4184980.0,5913,5015,4,-0.02867,0.485778,54.7676,112.742,18159,5906,4978,3434,0.049265,36,7,8.08079,0.607222,114.616
529844,4184980.0,5914,4595,5,-0.00174626,0.217861,39.0012,179.018,18159,5970,4585,3491,0.191058,6,65,0.781533,0.272327,169.304
529848,4184980.0,5914,4596,1,-0.000759277,0.224296,39.5737,176.435,18159,5970,4586,3491,0.184712,3,66,0.334908,0.28037,169.067
529850,4184980.0,5914,4597,1,-0.00929443,0.227761,39.6684,174.167,18159,5970,4587,3491,0.176295,2,65,4.04696,0.284701,169.005
529854,4184980.0,5914,4598,1,-0.0145983,0.227152,41.3873,182.201,18159,5972,4587,3491,0.16852,2,70,6.64957,0.283939,176.917
529856,4184980.0,5914,4599,1,-0.00825988,0.251273,30.2283,120.301,18159,5947,4607,3486,0.178087,10,40,2.48418,0.314091,101.474
529860,4184980.0,5914,4600,1,-0.00132021,0.260454,30.3458,116.511,18159,5947,4607,3486,0.200304,10,39,0.384549,0.325567,102.032
529986,4184980.0,5914,4642,1,-0.00278631,0.336839,58.263,172.97,18159,5968,4622,3487,0.282044,21,52,1.20487,0.421049,171.26
531104,4184980.0,5914,5015,4,-0.0484002,0.468849,54.895,117.085,18159,5906,4978,3434,0.0540278,36,14,14.1673,0.586062,115.243
529838,4184980.0,5915,4593,5,-0.00187946,0.214999,37.7819,175.731,18159,5970,4585,3491,0.205017,8,62,0.825696,0.268748,165.39
529842,4184980.0,5915,4594,5,-0.003062,0.21794,38.1833,175.201,18159,5970,4585,3491,0.202964,6,63,1.34117,0.272425,165.836
529844,4184980.0,5915,4595,1,-0.00202099,0.224046,38.7653,173.024,18159,5970,4586,3491,0.199894,4,63,0.874201,0.280057,165.883
529848,4184980.0,5915,4596,1,-0.0124414,0.227118,38.9202,171.365,18159,5970,4587,3491,0.19129,2,65,5.33007,0.283898,165.598
529850,4184980.0,5915,4597,1,-0.0199835,0.227729,39.9728,175.527,18159,5971,4587,3491,0.191021,2,69,8.76911,0.284662,170.575
529854,4184980.0,5915,4598,1,-0.0246656,0.243762,31.7583,130.284,18159,5949,4608,3486,0.183348,8,47,8.0338,0.304703,106.91
529856,4184980.0,5915,4599,1,-0.00585375,0.255615,29.7275,116.298,18159,5947,4607,3486,0.177781,10,39,1.70195,0.319519,98.8534
529986,4184980.0,5915,4642,1,-0.0119233,0.424196,76.2735,179.807,18159,5963,4662,3481,0.268104,43,30,5.35972,0.530244,156.741
529988,4184980.0,5915,4643,1,-0.00983681,0.401686,37.7185,93.9006,18159,5940,4658,3481,0.26422,26,13,2.30921,0.502107,87.0781
531104,4184980.0,5915,5015,4,-0.036999,0.455489,54.7032,120.098,18159,5906,4978,3434,0.0862948,31,20,11.1088,0.569361,115.94
529842,4184990.0,5916,4594,1,-0.00456424,0.222218,37.7016,169.66,18159,5970,4585,3491,0.208579,5,63,1.93593,0.277773,162.513
529844,4184990.0,5916,4595,1,-0.0138639,0.227028,38.1304,167.955,18159,5970,4587,3491,0.205388,0,63,5.82125,0.283785,162.397
529848,4184990.0,5916,4596,1,-0.0110786,0.226342,38.4136,169.715,18159,5970,4587,3491,0.203691,0,66,4.70051,0.282927,163.205
529850,4184990.0,5916,4597,1,-0.00869349,0.228333,40.1017,175.628,18159,5972,4587,3491,0.205344,2,67,3.81705,0.285416,170.286
529854,4184990.0,5916,4598,1,-0.0138674,0.252255,28.9774,114.873,18159,5947,4607,3486,0.204158,9,38,3.98248,0.315318,96.2065
529856,4184990.0,5916,4599,1,-0.00331498,0.262514,29.1918,111.201,18159,5947,4607,3486,0.185436,10,36,0.92157,0.328142,96.6248
529986,4184990.0,5916,4642,1,-0.00880819,0.439352,73.9674,168.356,18159,5962,4662,3481,0.252074,46,23,3.70727,0.54919,150.427
529988,4184990.0,5916,4643,1,-0.018357,0.40615,36.8481,90.7253,18159,5940,4658,3481,0.258313,25,13,4.16361,0.507687,84.6034
530076,4184990.0,5916,4672,1,-0.0156129,0.410825,37.3059,90.8074,18159,5943,4663,3481,0.169743,21,18,3.54441,0.513531,86.7318
531104,4184990.0,5916,5015,4,-0.0238371,0.445712,54.4819,122.236,18159,5906,4978,3434,0.112584,26,28,7.28436,0.55714,116.713
529832,4184990.0,5917,4591,5,-0.00488169,0.196625,39.6635,201.721,18159,5976,4585,3491,0.176484,2,84,2.46185,0.245781,176.97
529842,4184990.0,5917,4594,1,-0.00588881,0.227114,37.4057,164.7,18159,5970,4586,3491,0.208537,2,60,2.42472,0.283892,159.112
529844,4184990.0,5917,4595,1,-0.0149288,0.23021,37.6018,163.337,18159,5970,4587,3491,0.211842,2,60,6.09606,0.287763,159.169
529848,4184990.0,5917,4596,1,-0.00486338,0.227941,38.5376,169.068,18159,5971,4587,3491,0.204488,2,66,2.05561,0.284926,163.827
529856,4184990.0,5917,4599,1,-0.00519824,0.267091,28.6582,107.297,18159,5947,4607,3486,0.199429,10,35,1.39439,0.333864,93.9798
529982,4184990.0,5917,4641,1,-0.00679554,0.34122,55.7757,163.46,18159,5968,4622,3487,0.251684,19,50,2.77699,0.426524,161.791
529986,4184990.0,5917,4642,1,-0.0158203,0.421769,51.5108,122.13,18159,5949,4661,3481,0.23956,29,23,4.83033,0.527212,112.101
529988,4184990.0,5917,4643,1,-0.0197177,0.411611,36.086,87.6702,18159,5940,4658,3481,0.258573,24,13,4.32163,0.514514,82.127
530078,4184990.0,5917,4673,1,-0.0150578,0.446707,42.6774,95.5377,18159,5946,4663,3481,0.166095,24,16,3.59646,0.558384,93.8105
531104,4184990.0,5917,5015,4,-0.0314163,0.432587,54.236,125.376,18159,5906,4978,3434,0.116211,31,24,9.84713,0.540733,117.564
529832,4184990.0,5918,4591,5,-0.00312473,0.218482,35.7552,163.653,18159,5970,4585,3491,0.178135,8,57,1.27843,0.273103,155.655
529838,4184990.0,5918,4593,1,-0.00106519,0.226691,36.5894,161.407,18159,5970,4586,3491,0.186375,3,59,0.429821,0.283363,155.834
529848,4184990.0,5918,4596,1,-0.00123821,0.229393,38.6951,168.685,18159,5972,4587,3491,0.200242,2,64,0.522167,0.286741,164.116
529980,4184990.0,5918,4640,1,-0.00602097,0.343162,54.8342,159.791,18159,5968,4622,3487,0.272117,17,50,2.40525,0.428952,158.162
529982,4184990.0,5918,4641,1,-0.0318597,0.343915,55.1996,160.504,18159,5968,4622,3487,0.25175,22,48,12.784,0.429893,158.623
529986,4184990.0,5918,4642,1,-0.0553695,0.425074,49.7218,116.972,18159,5948,4661,3481,0.260911,26,24,16.1917,0.531343,106.271
531102,4184990.0,5918,5014,4,-0.0148484,0.442649,53.5972,121.083,18159,5906,4978,3434,0.147545,31,22,4.49473,0.553311,115.625
531104,4184990.0,5918,5015,4,-0.0393597,0.336316,134.423,399.692,18159,5946,4901,3440,0.125491,55,118,39.3294,0.420395,353.362
529830,4185000.0,5919,4590,5,-0.00142966,0.219326,35.0367,159.747,18159,5970,4585,3491,0.179594,8,57,0.570958,0.274158,152.335
529836,4185000.0,5919,4592,1,-0.00554651,0.226463,35.8324,158.226,18159,5970,4586,3491,0.17223,4,56,2.19401,0.283079,152.711
529838,4185000.0,5919,4593,1,-0.00505012,0.228038,35.875,157.32,18159,5970,4587,3491,0.180335,0,58,1.98622,0.285048,152.693
529848,4185000.0,5919,4596,1,-0.00906732,0.244229,34.6952,142.06,18159,5957,4611,3486,0.198869,8,54,3.22027,0.305286,123.871
529850,4185000.0,5919,4597,1,-0.0140863,0.259799,27.111,104.354,18159,5947,4607,3486,0.196184,10,33,3.6749,0.324749,88.9225
529854,4185000.0,5919,4598,1,-0.00661642,0.269033,27.235,101.233,18159,5947,4607,3486,0.197503,10,32,1.6745,0.336291,89.0042
529980,4185000.0,5919,4640,1,-0.0174753,0.345394,54.1968,156.913,18159,5968,4622,3487,0.285373,19,47,6.85525,0.431742,154.951
529982,4185000.0,5919,4641,1,-0.0422757,0.444843,73.0811,164.285,18159,5963,4662,3481,0.276718,38,28,17.3632,0.556054,147.395
531102,4185000.0,5919,5014,4,-0.0185512,0.427707,53.3448,124.723,18159,5906,4978,3434,0.137447,36,20,5.78438,0.534633,116.642
529844,4185000.0,5920,4595,1,-0.00478331,0.23048,39.0281,169.334,18159,5975,4588,3491,0.187641,1,66,2.02495,0.2881,165.013
529848,4185000.0,5920,4596,1,-0.00977227,0.255709,26.9906,105.552,18159,5948,4607,3486,0.200131,9,35,2.57871,0.319636,91.6198
529850,4185000.0,5920,4597,1,-0.00695804,0.263937,26.5228,100.489,18159,5947,4607,3486,0.203624,10,32,1.74802,0.329921,86.3663
529976,4185000.0,5920,4639,1,-0.0204427,0.344132,52.5897,152.818,18159,5968,4622,3487,0.312321,15,49,7.81004,0.430165,151.362
529980,4185000.0,5920,4640,1,-0.0601842,0.439908,71.979,163.623,18159,5963,4662,3481,0.314959,38,28,24.6187,0.549885,145.745
529982,4185000.0,5920,4641,1,-0.0714017,0.452872,70.9128,156.584,18159,5962,4662,3481,0.320942,40,24,27.951,0.566091,140.639
531098,4185000.0,5920,5013,4,-0.0202635,0.436806,52.786,120.845,18159,5906,4978,3434,0.129385,37,17,6.12187,0.546008,114.926
529832,4185000.0,5921,4591,1,-0.0104232,0.230508,34.7776,150.874,18159,5970,4586,3491,0.160764,3,52,3.93148,0.288135,146.234
529842,4185000.0,5921,4594,1,-0.00570527,0.233605,36.6522,156.898,18159,5972,4587,3491,0.174289,2,59,2.23787,0.292006,155.585
529844,4185000.0,5921,4595,1,-0.014416,0.24465,31.8448,130.164,18159,5954,4611,3486,0.184169,10,46,4.69114,0.305813,109.706
529976,4185000.0,5921,4639,1,-0.0401709,0.34701,52.1044,150.152,18159,5968,4622,3487,0.353265,18,45,15.0794,0.433762,148.256
529980,4185000.0,5921,4640,1,-0.0600592,0.444151,71.2667,160.456,18159,5963,4662,3481,0.395926,38,29,24.0922,0.555189,143.093
529982,4185000.0,5921,4641,1,-0.0593329,0.457266,70.0721,153.241,18159,5962,4662,3481,0.392243,40,23,22.7307,0.571582,138.138
531096,4185000.0,5921,5012,4,-0.019123,0.444255,52.1678,117.428,18159,5906,4978,3434,0.156516,37,15,5.61391,0.555319,113.343
531098,4185000.0,5921,5013,4,-0.0324201,0.366568,54.9659,149.947,18159,5906,4976,3434,0.136569,14,53,12.1533,0.458211,119.705
529820,4185010.0,5922,4587,5,-0.00697013,0.220748,33.011,149.542,18159,5970,4585,3491,0.154087,8,51,2.60582,0.275935,142.671
529832,4185010.0,5922,4591,1,-0.00470245,0.233487,34.3279,147.023,18159,5970,4586,3491,0.157148,2,52,1.72842,0.291859,143.143
529842,4185010.0,5922,4594,1,-0.00440011,0.23612,40.4343,171.244,18159,5967,4615,3487,0.16594,3,68,1.88373,0.29515,150.936
529976,4185010.0,5922,4639,1,-0.0181257,0.34389,50.655,147.3,18159,5968,4622,3487,0.391876,18,44,6.67479,0.429862,145.368
531092,4185010.0,5922,5011,4,-0.00532013,0.450088,51.3939,114.186,18159,5906,4978,3434,0.186006,36,14,1.51872,0.56261,111.901
531096,4185010.0,5922,5012,4,-0.0237273,0.403886,51.8655,128.416,18159,5906,4978,3434,0.166877,31,26,7.61743,0.504858,110.993
531098,4185010.0,5922,5013,4,-0.0291907,0.343231,132.557,386.205,18159,5946,4901,3440,0.153155,55,112,28.184,0.429038,344.856
529818,4185010.0,5923,4586,5,-0.00318057,0.215975,34.3197,158.906,18159,5973,4585,3491,0.148672,1,63,1.26353,0.269969,151.004
529826,4185010.0,5923,4589,1,-0.00163646,0.231193,33.1495,143.385,18159,5970,4585,3491,0.159616,4,52,0.586607,0.288991,139.895
529830,4185010.0,5923,4590,1,-0.00472427,0.235121,33.6981,143.322,18159,5970,4586,3491,0.156128,2,50,1.69273,0.293902,139.914
529832,4185010.0,5923,4591,1,-0.00191366,0.235589,33.7403,143.217,18159,5970,4587,3491,0.153551,2,52,0.68517,0.294486,139.955
529836,4185010.0,5923,4592,1,-0.00613223,0.232948,33.9301,145.655,18159,5970,4587,3491,0.150172,0,55,2.23298,0.291185,140.52
529838,4185010.0,5923,4593,1,-0.00891842,0.236889,35.5714,150.16,18159,5972,4587,3491,0.14998,2,56,3.34798,0.296112,149.264
529842,4185010.0,5923,4594,1,-0.0031784,0.247739,34.036,137.386,18159,5960,4611,3486,0.162426,16,43,1.09167,0.309674,123.469
531092,4185010.0,5923,5011,4,-0.00491318,0.394516,51.0982,129.521,18159,5906,4978,3434,0.15844,19,38,1.5909,0.493145,110.613
531096,4185010.0,5923,5012,4,-0.0204375,0.371485,82.7244,222.686,18159,5904,4954,3424,0.162897,32,68,11.3778,0.464357,181.344
529814,4185010.0,5924,4585,5,-0.0141382,0.208089,34.1516,164.12,18159,5974,4585,3491,0.150279,1,66,5.80092,0.260111,148.607
529826,4185010.0,5924,4589,1,-0.00214923,0.23629,32.9521,139.456,18159,5970,4586,3491,0.16384,3,49,0.749308,0.295363,136.753
529830,4185010.0,5924,4590,1,-0.0061619,0.237617,33.1067,139.328,18159,5970,4587,3491,0.158197,0,50,2.14631,0.297021,136.836
529832,4185010.0,5924,4591,1,-0.0093426,0.240044,33.377,139.045,18159,5970,4587,3491,0.153622,2,49,3.24761,0.300055,136.91
529836,4185010.0,5924,4592,1,-0.0114858,0.236883,34.2314,144.508,18159,5971,4587,3491,0.158359,2,55,4.14948,0.296104,141.74
529838,4185010.0,5924,4593,1,-0.00708549,0.236682,35.1614,148.559,18159,5972,4587,3491,0.162942,2,55,2.63154,0.295853,144.895
529842,4185010.0,5924,4594,1,-0.00315435,0.254135,26.0873,102.651,18159,5949,4608,3486,0.171147,8,34,0.809494,0.317669,85.5844
531084,4185010.0,5924,5008,1,-0.0202868,0.464127,49.8168,107.334,18159,5906,4978,3434,0.143564,32,17,5.44367,0.580159,106.902
531086,4185010.0,5924,5009,1,-0.00544716,0.428969,50.033,116.635,18159,5906,4978,3434,0.136168,29,23,1.58833,0.536212,105.671
531090,4185010.0,5924,5010,4,-0.00467906,0.387937,60.5534,156.091,18159,5904,4972,3424,0.134249,14,55,1.8259,0.484921,129.16
531092,4185010.0,5924,5011,4,-0.0145406,0.371788,74.3953,200.101,18159,5904,4960,3424,0.132343,34,56,7.27397,0.464735,162.849
531096,4185010.0,5924,5012,4,-6.17621e-05,0.346197,131.403,379.561,18159,5946,4901,3440,0.133482,53,111,0.0586062,0.432746,340.719
529808,4185020.0,5925,4583,5,-0.00425035,0.151351,33.9388,224.239,18159,5977,4583,3495,0.150101,0,101,2.38274,0.189189,154.5
529812,4185020.0,5925,4584,5,-0.00654148,0.205645,34.5006,167.768,18159,5976,4585,3491,0.157628,3,68,2.74362,0.257057,153.044
529826,4185020.0,5925,4589,1,-0.00310256,0.238624,32.3622,135.62,18159,5970,4587,3491,0.171357,0,48,1.05192,0.29828,133.685
529830,4185020.0,5925,4590,1,-0.0139815,0.241615,32.7379,135.496,18159,5970,4587,3491,0.165588,2,51,4.73612,0.302018,133.756
529836,4185020.0,5925,4592,1,-0.0117209,0.236704,33.7734,142.682,18159,5971,4587,3491,0.17021,2,54,4.18091,0.29588,137.751
529838,4185020.0,5925,4593,1,-0.00539821,0.241793,38.5949,159.62,18159,5966,4615,3487,0.177406,5,61,2.15415,0.302241,139.861
531080,4185020.0,5925,5007,1,-0.013287,0.450051,49.2158,109.356,18159,5906,4978,3434,0.144918,29,20,3.63253,0.562563,102.064
531084,4185020.0,5925,5008,1,-0.00236824,0.402494,50.6465,125.832,18159,5906,4977,3434,0.14669,11,44,0.744999,0.503118,108.741
531086,4185020.0,5925,5009,4,-0.0030666,0.380775,65.56,172.175,18159,5904,4967,3424,0.146163,25,51,1.31998,0.475969,141.46
531090,4185020.0,5925,5010,4,-0.0245136,0.379424,81.5616,214.962,18159,5904,4954,3424,0.136056,30,66,13.1737,0.47428,178.118
531092,4185020.0,5925,5011,4,-0.0130865,0.349207,130.951,374.995,18159,5946,4901,3440,0.123749,56,106,12.2684,0.436509,337.26
529806,4185020.0,5926,4582,5,-0.0167817,0.16187,33.2987,205.712,18159,5977,4583,3495,0.151727,0,93,8.63048,0.202338,151.539
529808,4185020.0,5926,4583,5,-0.0117596,0.203509,34.1136,167.626,18159,5977,4584,3495,0.146996,1,70,4.92805,0.254387,151.564
529818,4185020.0,5926,4586,1,-0.00956112,0.234411,31.2451,133.292,18159,5970,4585,3491,0.161392,5,45,3.18605,0.293014,130.539
529820,4185020.0,5926,4587,1,-0.00322904,0.239263,31.6557,132.305,18159,5970,4586,3491,0.156474,4,44,1.06805,0.299079,130.565
529826,4185020.0,5926,4589,1,-0.00300617,0.241918,31.9687,132.147,18159,5970,4587,3491,0.175173,2,47,0.99314,0.302397,130.607
529836,4185020.0,5926,4592,1,-0.00629383,0.241099,33.9248,140.709,18159,5972,4587,3491,0.188566,2,52,2.21399,0.301374,139.892
529838,4185020.0,5926,4593,1,-0.00246475,0.248181,37.2618,150.14,18159,5965,4615,3487,0.188364,13,51,0.925141,0.310227,135.213
531078,4185020.0,5926,5006,1,-0.0111237,0.431951,48.5796,112.465,18159,5906,4978,3434,0.126848,19,30,3.12759,0.539939,102.437
531080,4185020.0,5926,5007,1,-0.00376061,0.400752,56.2957,140.475,18159,5905,4973,3434,0.132338,15,47,1.32068,0.50094,120.286
531086,4185020.0,5926,5009,4,-0.000400911,0.377586,101.168,267.933,18159,5931,4924,3449,0.149356,45,60,0.268543,0.471982,257.009
531090,4185020.0,5926,5010,4,-0.00883792,0.351617,130.359,370.743,18159,5946,4901,3440,0.148254,56,104,8.19149,0.439521,333.768
531092,4185020.0,5926,5011,4,-0.00572902,0.34733,129.756,373.58,18159,5947,4901,3440,0.127488,47,113,5.35061,0.434163,337.615
529802,4185020.0,5927,4581,5,-0.00355888,0.165047,32.562,197.289,18159,5977,4583,3495,0.147843,0,89,1.75532,0.206309,148.641
529806,4185020.0,5927,4582,5,-0.0102517,0.202978,33.4607,164.849,18159,5977,4584,3495,0.156437,1,68,4.22495,0.253723,148.66
529818,4185020.0,5927,4586,1,-0.00364814,0.239464,30.9589,129.284,18159,5970,4586,3491,0.168864,6,40,1.17912,0.299331,127.509
529820,4185020.0,5927,4587,1,-0.0159539,0.243186,31.275,128.606,18159,5970,4586,3491,0.173487,3,44,5.12941,0.303982,127.521
529824,4185020.0,5927,4588,1,-0.00770946,0.243309,31.2145,128.291,18159,5970,4587,3491,0.177129,0,49,2.47264,0.304137,127.55
529836,4185020.0,5927,4592,1,-0.00222985,0.24155,33.3854,138.213,18159,5972,4587,3491,0.205393,2,51,0.770486,0.301938,136.489
529838,4185020.0,5927,4593,1,-0.00437019,0.252259,30.6356,121.445,18159,5958,4611,3486,0.199636,10,42,1.32685,0.315323,107.267
531080,4185020.0,5927,5007,4,-0.000815721,0.390736,68.8378,176.175,18159,5904,4963,3424,0.12739,35,43,0.359273,0.48842,147.961
529800,4185020.0,5928,4580,5,-0.00671498,0.166919,32.1164,192.407,18159,5977,4583,3495,0.124109,0,87,3.23003,0.208649,145.809
529802,4185020.0,5928,4581,5,-0.000538093,0.202063,32.798,162.316,18159,5977,4584,3495,0.136679,3,66,0.218353,0.252579,145.776
529818,4185020.0,5928,4586,1,-0.00681204,0.243684,30.573,125.462,18159,5970,4586,3491,0.179247,4,41,2.13663,0.304604,124.504
529820,4185020.0,5928,4587,1,-0.00984582,0.245776,30.7683,125.189,18159,5970,4586,3491,0.194766,2,42,3.08146,0.307219,124.509
529836,4185020.0,5928,4592,1,-0.00308406,0.240544,32.7556,136.173,18159,5972,4587,3491,0.214434,2,50,1.04991,0.30068,132.61
529838,4185020.0,5928,4593,1,-0.00729181,0.267187,24.2104,90.6121,18159,5950,4608,3486,0.207245,7,31,1.65182,0.333984,81.8603
531078,4185020.0,5928,5006,4,-0.0118264,0.394225,69.527,176.364,18159,5904,4962,3424,0.13,31,48,5.21439,0.492781,150.796
531080,4185020.0,5928,5007,4,-0.00186217,0.356645,128.783,361.094,18159,5946,4901,3440,0.131944,55,100,1.68105,0.445807,324.021
529796,4185030.0,5929,4579,5,-0.00710513,0.164715,31.5598,191.602,18159,5977,4583,3495,0.120075,0,87,3.4034,0.205894,143.043
529800,4185030.0,5929,4580,5,-0.00366591,0.199925,32.1973,161.047,18159,5977,4584,3495,0.127411,0,69,1.47596,0.249906,142.92
529814,4185030.0,5929,4585,1,-0.0183729,0.243908,29.8838,122.521,18159,5970,4586,3491,0.162612,6,37,5.62764,0.304885,121.509
529818,4185030.0,5929,4586,1,-0.00807689,0.246088,30.0609,122.155,18159,5970,4586,3491,0.178831,3,41,2.46658,0.30761,121.502
529838,4185030.0,5929,4593,1,-0.0176241,0.269565,21.5826,80.0645,18159,5948,4607,3486,0.220218,6,28,3.52765,0.336956,71.4908
529976,4185030.0,5929,4639,1,-0.0354361,0.364585,46.0496,126.307,18159,5968,4622,3487,0.149776,19,36,11.1895,0.455732,125.832
529980,4185030.0,5929,4640,1,-0.00531216,0.482856,64.6005,133.788,18159,5963,4662,3481,0.108883,33,22,1.77676,0.60357,122.785
529982,4185030.0,5929,4641,1,-0.0181956,0.480256,41.3311,86.0606,18159,5949,4661,3481,0.154435,23,16,3.9148,0.60032,85.1494
531074,4185030.0,5929,5005,4,-0.0109537,0.402191,70.1584,174.44,18159,5904,4961,3424,0.150799,30,48,4.77691,0.502739,151.262
531078,4185030.0,5929,5006,4,-0.00870134,0.360076,128.286,356.275,18159,5946,4901,3440,0.142861,52,101,7.75017,0.450096,320.69
529794,4185030.0,5930,4578,5,-0.00371305,0.158193,31.0338,196.177,18159,5977,4583,3495,0.113176,0,89,1.82103,0.197741,140.343
529812,4185030.0,5930,4584,1,-0.00633577,0.242744,29.0137,119.524,18159,5970,4585,3491,0.178652,5,39,1.89319,0.303431,118.534
529814,4185030.0,5930,4585,1,-0.0272877,0.246085,29.3187,119.141,18159,5970,4585,3491,0.180723,4,41,8.1277,0.307606,118.509
529818,4185030.0,5930,4586,1,-0.00624101,0.247555,29.468,119.036,18159,5970,4586,3491,0.186027,3,40,1.85726,0.309444,118.502
529832,4185030.0,5930,4591,1,-0.00445939,0.244204,31.2611,128.012,18159,5972,4587,3491,0.236155,2,49,1.42714,0.305255,127.924
529836,4185030.0,5930,4592,1,-0.007491,0.252233,34.6875,137.522,18159,5965,4615,3487,0.234305,13,46,2.57544,0.315291,126.721
529838,4185030.0,5930,4593,1,-0.0185691,0.281062,20.9807,74.6479,18159,5948,4607,3486,0.238421,8,23,3.46536,0.351328,69.9146
529976,4185030.0,5930,4639,1,-0.0779403,0.370673,45.7457,123.413,18159,5968,4622,3487,0.233004,18,36,24.047,0.463342,122.987
529980,4185030.0,5930,4640,1,-0.0707503,0.490307,64.4316,131.411,18159,5963,4662,3481,0.153523,33,21,23.2434,0.612884,120.196
529982,4185030.0,5930,4641,1,-0.0564468,0.504015,45.296,89.8704,18159,5951,4662,3481,0.234611,29,12,12.6822,0.630019,89.4743
531074,4185030.0,5930,5005,4,-0.0109313,0.362985,127.705,351.819,18159,5946,4901,3440,0.147663,51,100,9.61461,0.453731,317.29
531078,4185030.0,5930,5006,4,-0.0056959,0.361675,127.966,353.813,18159,5946,4901,3440,0.14851,55,97,5.03822,0.452094,319.952
529790,4185030.0,5931,4577,5,-0.0115912,0.153267,30.6027,199.669,18159,5977,4583,3495,0.11154,0,89,5.78599,0.191584,137.668
529814,4185030.0,5931,4585,1,-0.0244551,0.249118,28.9015,116.015,18159,5970,4586,3491,0.199377,4,37,7.09291,0.311398,115.516
529818,4185030.0,5931,4586,1,-0.00822991,0.249382,28.9191,115.963,18159,5970,4586,3491,0.195891,2,38,2.38591,0.311728,115.506
529832,4185030.0,5931,4591,1,-0.00190562,0.242907,30.582,125.9,18159,5972,4587,3491,0.245337,2,46,0.599796,0.303633,124.162
529836,4185030.0,5931,4592,1,-0.00938756,0.258757,28.4221,109.841,18159,5959,4611,3486,0.243966,13,35,2.57784,0.323446,103.139
529976,4185030.0,5931,4639,1,-0.0829384,0.369743,44.9408,121.546,18159,5968,4622,3487,0.33824,20,33,25.2021,0.462178,123.262
529980,4185030.0,5931,4640,1,-0.116375,0.497655,63.9962,128.595,18159,5963,4662,3481,0.251134,32,21,37.4131,0.622069,117.699
529982,4185030.0,5931,4641,1,-0.0640161,0.49265,45.4318,92.2194,18159,5953,4662,3481,0.323426,22,20,14.7588,0.615812,91.223
531068,4185030.0,5931,5003,3,-0.0101794,0.404331,80.8126,199.867,18159,5904,4951,3425,0.167731,27,61,5.08633,0.505414,175.725
531072,4185030.0,5931,5004,3,-0.0145088,0.364651,127.02,348.333,18159,5946,4901,3440,0.150609,54,95,12.6348,0.455814,313.717
529790,4185040.0,5932,4577,5,-0.00489445,0.16442,30.2908,184.228,18159,5977,4583,3495,0.120652,0,86,2.25423,0.205525,134.765
529794,4185040.0,5932,4578,5,-0.00103878,0.197402,30.4216,154.109,18159,5977,4583,3495,0.125772,2,63,0.400214,0.246753,134.497
529814,4185040.0,5932,4585,1,-0.0029166,0.24991,28.2143,112.898,18159,5970,4586,3491,0.208761,3,35,0.823195,0.312388,112.522
529836,4185040.0,5932,4592,1,-0.00405346,0.259392,25.4103,97.9612,18159,5955,4611,3486,0.245752,9,34,0.992706,0.32424,89.6483
529976,4185040.0,5932,4639,1,-0.0714663,0.371245,45.5316,122.646,18159,5969,4622,3487,0.399515,18,35,21.9126,0.464057,123.596
529980,4185040.0,5932,4640,1,-0.114723,0.500502,62.983,125.84,18159,5963,4662,3481,0.346733,30,22,36.0916,0.625628,115.223
531068,4185040.0,5932,5003,3,-0.00906418,0.367702,126.364,343.658,18159,5946,4901,3440,0.167337,55,92,7.78744,0.459627,310.273
529788,4185040.0,5933,4576,5,-0.00638188,0.157608,29.8458,189.367,18159,5977,4583,3495,0.107699,0,84,3.02129,0.197011,132.215
529808,4185040.0,5933,4583,1,-0.00104669,0.247641,27.2867,110.187,18159,5970,4585,3491,0.160095,5,35,0.28833,0.309551,109.654
529836,4185040.0,5933,4592,1,-0.00194648,0.268522,20.1339,74.9802,18159,5949,4608,3486,0.232072,7,24,0.364868,0.335653,68.0519
529980,4185040.0,5933,4640,1,-0.0722291,0.501807,61.7122,122.98,18159,5963,4662,3481,0.383532,29,22,22.2068,0.627259,112.79
531062,4185040.0,5933,5001,3,-0.00382769,0.371488,125.302,337.297,18159,5946,4901,3440,0.14372,54,90,3.22767,0.46436,304.051
529784,4185040.0,5934,4575,5,-0.0250342,0.156338,29.4655,188.474,18159,5977,4583,3495,0.119481,0,84,11.7957,0.195422,129.729
529788,4185040.0,5934,4576,5,-0.011321,0.164604,29.6094,179.883,18159,5977,4583,3495,0.0977266,0,81,5.09115,0.205755,129.283
529976,4185040.0,5934,4639,1,-0.00225299,0.359736,50.7882,141.182,18159,5980,4630,3487,0.376136,19,35,0.795205,0.44967,139.391
529980,4185040.0,5934,4640,1,-0.0353522,0.504439,60.5172,119.969,18159,5963,4662,3481,0.376123,28,22,10.6029,0.630548,110.402
531060,4185040.0,5934,5000,3,-0.0043717,0.374356,124.661,333.001,18159,5946,4901,3440,0.148571,54,88,3.63946,0.467945,300.599
531062,4185040.0,5934,5001,3,-0.00423234,0.373804,125.062,334.565,18159,5946,4901,3440,0.141915,57,86,3.53999,0.467255,303.543
529782,4185040.0,5935,4574,5,-0.0163808,0.156941,28.8922,184.095,18159,5977,4583,3495,0.143764,0,82,7.53906,0.196177,127.384
529784,4185040.0,5935,4575,5,-0.0185715,0.161801,29.164,180.246,18159,5977,4583,3495,0.127173,0,81,8.36862,0.202251,126.853
529980,4185040.0,5935,4640,1,-0.00798969,0.508869,59.4351,116.799,18159,5963,4662,3481,0.344118,27,22,2.33296,0.636086,108.062
531060,4185040.0,5935,5000,3,-0.00047198,0.376764,124.417,330.226,18159,5946,4901,3440,0.150105,56,85,0.38965,0.470955,300.216
529778,4185050.0,5936,4573,1,-0.0169444,0.157637,28.2467,179.188,18159,5977,4583,3495,0.152451,0,80,7.59057,0.197046,125.148
529782,4185050.0,5936,4574,1,-0.00618595,0.161649,28.5582,176.668,18159,5977,4583,3495,0.143083,0,79,2.73215,0.202062,124.529
529808,4185050.0,5936,4583,1,-0.00572225,0.25732,26.0248,101.138,18159,5970,4585,3491,0.110668,5,32,1.44684,0.32165,100.668
529812,4185050.0,5936,4584,1,-0.00468619,0.258939,26.1179,100.865,18159,5970,4585,3491,0.11334,4,34,1.18168,0.323674,100.601
529836,4185050.0,5936,4592,1,-0.00191741,0.276364,16.8014,60.7945,18159,5948,4607,3486,0.16035,6,20,0.29142,0.345455,57.9051
529776,4185050.0,5937,4572,1,-0.0167787,0.157967,27.5411,174.347,18159,5977,4583,3495,0.174123,0,78,7.3133,0.197459,123.019
529778,4185050.0,5937,4573,1,-0.00575821,0.16194,27.8847,172.192,18159,5977,4583,3495,0.15078,0,77,2.47879,0.202425,122.314
529808,4185050.0,5937,4583,1,-0.0154187,0.26287,25.7963,98.1333,18159,5970,4585,3491,0.12087,5,33,3.78272,0.328588,97.6735
529812,4185050.0,5937,4584,1,-0.0147488,0.26374,25.8106,97.8636,18159,5970,4585,3491,0.122243,5,32,3.60844,0.329676,97.6038
529832,4185050.0,5937,4591,1,-0.0174481,0.263304,25.718,97.6742,18159,5961,4611,3486,0.102341,11,32,4.26057,0.32913,94.6034
529836,4185050.0,5937,4592,1,-0.0230881,0.289668,18.4483,63.6878,18159,5950,4608,3486,0.150499,7,21,3.67607,0.362085,63.3821
529976,4185050.0,5937,4639,1,-0.00838921,0.400535,68.8073,171.788,18159,5994,4639,3488,0.244187,25,39,3.60292,0.500669,169.5
529980,4185050.0,5937,4640,1,-0.00735225,0.518197,57.604,111.162,18159,5963,4662,3481,0.267592,28,19,2.04323,0.647746,103.404
531026,4185050.0,5937,4989,2,-0.0160964,0.514486,125.022,243.003,18159,5914,4913,3427,0.127971,64,38,9.77868,0.643108,239.224
531050,4185050.0,5937,4997,3,-0.00679445,0.384866,122.939,319.432,18159,5946,4901,3440,0.130293,56,80,5.42591,0.481083,290.672
531054,4185050.0,5937,4998,3,-0.00123851,0.383055,123.242,321.735,18159,5946,4901,3440,0.133091,55,82,0.99618,0.478819,293.644
529772,4185050.0,5938,4571,1,-0.0049773,0.159397,26.7342,167.721,18159,5977,4583,3495,0.187009,0,74,2.08699,0.199246,121.05
529776,4185050.0,5938,4572,1,-0.00725736,0.162769,27.217,167.212,18159,5977,4583,3495,0.181536,0,75,3.0338,0.203461,120.212
529808,4185050.0,5938,4583,1,-0.00976568,0.265853,25.2926,95.1373,18159,5970,4585,3491,0.12852,5,32,2.3227,0.332316,94.679
529812,4185050.0,5938,4584,1,-0.00600889,0.267414,25.3672,94.8613,18159,5970,4585,3491,0.129368,5,33,1.42503,0.334267,94.6071
529830,4185050.0,5938,4590,1,-0.0164226,0.254704,28.0565,110.153,18159,5974,4587,3491,0.123892,1,43,4.5225,0.31838,109.759
529832,4185050.0,5938,4591,1,-0.0424899,0.264826,30.2099,114.074,18159,5965,4615,3487,0.115626,13,37,12.1175,0.331033,109.26
529976,4185050.0,5938,4639,1,-0.0227604,0.416365,71.44,171.58,18159,5995,4640,3488,0.246551,25,38,9.76308,0.520457,169.518
529980,4185050.0,5938,4640,1,-0.008271,0.522691,56.8708,108.804,18159,5963,4662,3481,0.258168,28,18,2.24979,0.653364,101.079
531008,4185050.0,5938,4983,2,-0.0412186,0.517823,107.809,208.196,18159,5926,4915,3449,0.239857,50,31,21.4539,0.647279,208.391
531012,4185050.0,5938,4984,2,-0.0421336,0.521858,115.39,221.114,18159,5924,4912,3449,0.198384,62,25,23.2909,0.652323,221.328
531014,4185050.0,5938,4985,2,-0.0349231,0.5424,133.396,245.937,18159,5918,4906,3427,0.168457,74,26,21.4722,0.678,245.874
531018,4185050.0,5938,4986,2,-0.0343929,0.529041,125.034,236.341,18159,5916,4911,3427,0.143759,71,27,20.3211,0.661301,236.259
531026,4185050.0,5938,4989,2,-0.0159003,0.407715,116.696,286.22,18159,5945,4904,3456,0.140539,44,79,11.3775,0.509644,257.39
531030,4185050.0,5938,4990,2,-0.0188383,0.400164,120.114,300.163,18159,5946,4901,3440,0.133019,46,82,14.1364,0.500205,269.684
531048,4185050.0,5938,4996,3,-0.00017731,0.388386,122.412,315.182,18159,5946,4901,3440,0.119235,55,79,0.139712,0.485483,287.423
529770,4185060.0,5939,4570,1,-0.00413589,0.160251,25.9882,162.171,18159,5977,4583,3495,0.170869,0,72,1.67681,0.200314,119.161
529808,4185060.0,5939,4583,1,-0.000615145,0.270814,24.9531,92.1413,18159,5970,4585,3491,0.131323,5,31,0.1417,0.338517,91.6849
529812,4185060.0,5939,4584,1,-0.00130263,0.271591,24.95,91.866,18159,5970,4585,3491,0.128043,5,30,0.299168,0.339488,91.6106
529830,4185060.0,5939,4590,1,-0.0328125,0.255053,28.1039,110.188,18159,5975,4588,3491,0.143737,0,43,9.0389,0.318816,106.605
529832,4185060.0,5939,4591,1,-0.0527857,0.265376,30.5558,115.141,18159,5966,4615,3487,0.166854,7,45,15.1946,0.33172,110.277
529976,4185060.0,5939,4639,1,-0.019694,0.418862,72.8982,174.039,18159,5996,4641,3488,0.269885,27,37,8.56879,0.523578,169.954
529980,4185060.0,5939,4640,1,-0.00378889,0.52619,56.003,106.431,18159,5963,4662,3481,0.25497,29,16,1.00814,0.657738,98.7986
531006,4185060.0,5939,4982,2,-0.0511594,0.487346,86.5437,177.582,18159,5933,4924,3449,0.29117,34,33,22.7124,0.609182,176.386
531008,4185060.0,5939,4983,2,-0.0384153,0.480921,87.2698,181.464,18159,5933,4924,3449,0.245596,50,20,17.4275,0.601151,179.413
531012,4185060.0,5939,4984,2,-0.0251632,0.441974,87.8775,198.83,18159,5933,4924,3449,0.217103,51,34,12.508,0.552467,179.983
531014,4185060.0,5939,4985,2,-0.0360915,0.447164,114.86,256.863,18159,5945,4904,3456,0.186961,56,50,23.1765,0.558955,242.444
531018,4185060.0,5939,4986,2,-0.0399927,0.439635,115.476,262.662,18159,5945,4904,3456,0.151186,57,52,26.2614,0.549544,245.729
531020,4185060.0,5939,4987,2,-0.0190593,0.420392,115.625,275.042,18159,5945,4904,3456,0.135739,51,65,13.1052,0.52549,249.916
531026,4185060.0,5939,4989,2,-0.0172282,0.403381,119.689,296.714,18159,5946,4901,3440,0.150707,54,72,12.7796,0.504226,266.367
531030,4185060.0,5939,4990,1,-0.0144142,0.400344,119.952,299.623,18159,5946,4901,3440,0.150475,52,75,10.797,0.500431,269.292
531044,4185060.0,5939,4995,3,-0.00917453,0.392175,121.943,310.941,18159,5946,4901,3440,0.114696,55,77,7.13184,0.490219,284.202
529766,4185060.0,5940,4569,1,-0.00459669,0.161984,25.3438,156.459,18159,5977,4583,3495,0.157871,0,70,1.79799,0.20248,117.395
529808,4185060.0,5940,4583,1,-0.00606485,0.275565,24.5612,89.1302,18159,5970,4585,3491,0.131829,3,28,1.3514,0.344456,88.6966
529812,4185060.0,5940,4584,1,-0.00599414,0.276555,24.5764,88.8662,18159,5970,4585,3491,0.127387,5,29,1.33169,0.345694,88.6143
529830,4185060.0,5940,4590,1,-0.0364274,0.25681,29.8184,116.111,18159,5978,4589,3491,0.167085,0,46,10.574,0.321012,112.539
529832,4185060.0,5940,4591,1,-0.0367028,0.259519,30.0112,115.642,18159,5966,4615,3487,0.223688,4,47,10.6109,0.324398,106.087
529836,4185060.0,5940,4592,1,-0.0106252,0.286565,22.6146,78.9164,18159,5958,4611,3486,0.234933,8,28,2.09625,0.358206,80.5605
529976,4185060.0,5940,4639,1,-0.0102934,0.427916,80.5911,188.334,18159,6000,4644,3488,0.280727,38,36,4.8465,0.534896,180.451
529980,4185060.0,5940,4640,1,-0.0151906,0.534247,55.3182,103.544,18159,5963,4662,3481,0.254393,28,16,3.93225,0.667809,96.617
531002,4185060.0,5940,4981,2,-0.0095688,0.485077,84.9,175.024,18159,5933,4924,3449,0.378691,52,15,4.18691,0.606347,173.785
531006,4185060.0,5940,4982,2,-0.0548339,0.475116,122.081,256.949,18159,5940,4900,3456,0.351197,66,37,35.2238,0.593895,247.501
531008,4185060.0,5940,4983,2,-0.0383411,0.451413,113.285,250.957,18159,5945,4904,3456,0.296705,56,47,24.0549,0.564266,236.343
531012,4185060.0,5940,4984,2,-0.0208936,0.443707,113.807,256.492,18159,5945,4904,3456,0.243426,56,50,13.3976,0.554634,239.564
531014,4185060.0,5940,4985,1,-0.0085893,0.429774,114.455,266.315,18159,5945,4904,3456,0.221348,51,62,5.71865,0.537217,243.327
531018,4185060.0,5940,4986,1,-0.0195385,0.421302,116.522,276.576,18159,5945,4903,3456,0.187739,42,77,13.5097,0.526628,248.308
531020,4185060.0,5940,4987,1,-0.0338526,0.413027,118.425,286.725,18159,5945,4902,3456,0.165219,46,77,24.266,0.516284,255.69
531024,4185060.0,5940,4988,1,-0.033518,0.407018,119.04,292.469,18159,5946,4901,3440,0.1654,54,70,24.5074,0.508772,263.148
531026,4185060.0,5940,4989,1,-0.00265976,0.403672,119.22,295.34,18159,5946,4901,3440,0.173238,53,72,1.96384,0.50459,266.087
531042,4185060.0,5940,4994,3,-0.0105645,0.395909,121.419,306.684,18159,5946,4901,3440,0.148063,55,75,8.09989,0.494886,281.007
531044,4185060.0,5940,4995,3,-0.00861867,0.393785,121.735,309.14,18159,5946,4901,3440,0.116238,52,79,6.66094,0.492232,283.993
529760,4185060.0,5941,4567,1,-0.000754502,0.162577,24.2989,149.461,18159,5977,4583,3495,0.147699,0,67,0.281922,0.203221,116.954
529808,4185060.0,5941,4583,1,-0.0133836,0.280883,24.1819,86.0923,18159,5970,4585,3491,0.157566,2,28,2.88056,0.351104,85.7267
529812,4185060.0,5941,4584,1,-0.0205587,0.282166,24.2237,85.8493,18159,5970,4585,3491,0.146637,5,30,4.41237,0.352707,85.6183
529830,4185060.0,5941,4590,1,-0.0327388,0.2587,29.2769,113.169,18159,5978,4589,3491,0.205422,0,43,9.26259,0.323375,109.583
529832,4185060.0,5941,4591,1,-0.00845949,0.247864,36.0777,145.555,18159,5974,4622,3487,0.253169,4,61,3.07829,0.30983,136.382
529976,4185060.0,5941,4639,1,-0.000376435,0.472532,58.6676,124.156,18159,5967,4663,3482,0.270572,30,19,0.116841,0.590665,107.366
529980,4185060.0,5941,4640,1,-0.0234874,0.545865,54.5625,99.956,18159,5963,4662,3481,0.266358,29,14,5.86926,0.682332,94.5513
531006,4185060.0,5941,4982,2,-0.0220237,0.44991,111.856,248.619,18159,5945,4904,3456,0.384842,57,46,13.6888,0.562388,233.304
531008,4185060.0,5941,4983,2,-0.0189048,0.440442,112.709,255.9,18159,5945,4904,3456,0.33868,57,49,12.0944,0.550553,236.653
531012,4185060.0,5941,4984,1,-0.02559,0.424413,113.464,267.343,18159,5945,4904,3456,0.287718,47,66,17.1033,0.530517,241.355
531014,4185060.0,5941,4985,1,-0.0295685,0.422765,115.771,273.844,18159,5945,4903,3456,0.233961,42,75,20.2429,0.528456,245.664
531018,4185060.0,5941,4986,1,-0.0159035,0.416096,117.544,282.493,18159,5945,4902,3456,0.193968,46,75,11.2316,0.52012,252.524
531020,4185060.0,5941,4987,1,-0.0175214,0.410632,118.162,287.757,18159,5946,4901,3440,0.18505,51,71,12.6047,0.51329,259.982
531038,4185060.0,5941,4993,3,-0.00806354,0.399215,120.732,302.423,18159,5946,4901,3440,0.181499,52,76,6.09649,0.499018,277.84
531042,4185060.0,5941,4994,3,-0.0111253,0.397418,121.196,304.959,18159,5946,4901,3440,0.1508,50,79,8.4819,0.496772,280.828
529742,4185070.0,5942,4561,5,-0.00395991,0.157412,22.4339,142.517,18159,5977,4583,3495,0.0977808,0,62,1.41088,0.196766,121.994
529808,4185070.0,5942,4583,1,-0.00740319,0.285944,23.7444,83.0385,18159,5970,4585,3491,0.182411,2,27,1.53687,0.35743,82.7691
529812,4185070.0,5942,4584,1,-0.0218717,0.286799,23.7554,82.8294,18159,5970,4585,3491,0.185069,5,27,4.52906,0.358499,82.6226
529980,4185070.0,5942,4640,1,-0.0157228,0.557898,53.714,96.2792,18159,5963,4662,3481,0.284875,28,14,3.78446,0.697373,92.5414
530978,4185070.0,5942,4973,2,-0.0636772,0.530887,79.2185,149.219,18159,5933,4924,3449,0.261297,43,14,23.7547,0.663609,150.946
530982,4185070.0,5942,4974,2,-0.0450299,0.524264,79.8091,152.231,18159,5933,4924,3449,0.207076,44,14,17.1373,0.65533,153.898
530984,4185070.0,5942,4975,2,-0.0269136,0.517326,80.3167,155.254,18159,5933,4924,3449,0.183782,45,14,10.4461,0.646658,156.853
530988,4185070.0,5942,4976,2,-0.025189,0.511148,80.9036,158.278,18159,5933,4924,3449,0.16273,46,14,9.96716,0.638935,159.81
530990,4185070.0,5942,4977,2,-0.00298115,0.503829,81.3149,161.394,18159,5933,4924,3449,0.153508,50,11,1.20285,0.629786,162.77
531008,4185070.0,5942,4983,1,-0.00410084,0.427795,113.586,265.515,18159,5945,4903,3456,0.369067,41,73,2.72208,0.534744,238.917
531012,4185070.0,5942,4984,1,-0.0397093,0.423147,114.535,270.675,18159,5945,4903,3456,0.341735,45,70,26.8708,0.528934,242.94
531014,4185070.0,5942,4985,1,-0.0546795,0.418806,116.695,278.638,18159,5945,4902,3456,0.273255,48,71,38.0894,0.523507,249.587
531018,4185070.0,5942,4986,1,-0.0428543,0.415401,117.59,283.076,18159,5946,4901,3440,0.199889,47,73,30.3275,0.519252,256.834
531036,4185070.0,5942,4992,3,-0.00968761,0.402451,120.011,298.2,18159,5946,4901,3440,0.216835,49,77,7.22211,0.503064,274.702
531038,4185070.0,5942,4993,3,-0.0162257,0.397848,119.64,300.718,18159,5947,4901,3440,0.192531,49,77,12.1984,0.497311,277.974
529754,4185070.0,5943,4565,1,-0.00343487,0.169816,23.1871,136.542,18159,5977,4583,3495,0.131351,0,61,1.17251,0.21227,114.276
529976,4185070.0,5943,4639,1,-0.00960421,0.505244,57.0607,112.937,18159,5966,4663,3482,0.266231,26,20,2.71167,0.631555,100.371
529980,4185070.0,5943,4640,1,-0.00861474,0.567391,52.8095,93.0741,18159,5963,4662,3481,0.294363,28,13,2.00452,0.709239,90.5342
530976,4185070.0,5943,4972,2,-0.0462113,0.531643,78.2992,147.278,18159,5933,4924,3449,0.313451,42,15,17.0147,0.664554,148.62
530978,4185070.0,5943,4973,2,-0.0458928,0.52536,79.0668,150.5,18159,5933,4924,3449,0.243482,43,15,17.2672,0.6567,151.562
530982,4185070.0,5943,4974,2,-0.0438613,0.511,79.6364,155.844,18159,5933,4924,3449,0.234197,49,14,17.0889,0.63875,154.546
530984,4185070.0,5943,4975,2,-0.0369164,0.487196,80.2487,164.716,18159,5933,4924,3449,0.214406,46,24,15.2018,0.608994,157.6
530988,4185070.0,5943,4976,2,-0.034934,0.482508,107.21,222.194,18159,5945,4904,3456,0.178437,54,31,19.4053,0.603135,217.584
530990,4185070.0,5943,4977,2,-0.0185855,0.469053,107.617,229.434,18159,5945,4904,3456,0.152412,52,40,10.6604,0.586316,217.711
531008,4185070.0,5943,4983,1,-0.0110784,0.424294,114.382,269.581,18159,5945,4902,3456,0.371843,41,75,7.46632,0.530367,241.961
531012,4185070.0,5943,4984,1,-0.0226357,0.418646,115.149,275.051,18159,5945,4902,3456,0.36984,46,71,15.5649,0.523308,246.864
531014,4185070.0,5943,4985,1,-0.0421025,0.417585,116.392,278.726,18159,5946,4901,3440,0.323182,45,73,29.3377,0.521981,253.705
531036,4185070.0,5943,4992,3,-0.00979312,0.400517,118.79,296.59,18159,5947,4901,3440,0.235881,47,77,7.26137,0.500647,274.796
529748,4185070.0,5944,4563,1,-0.00354402,0.169966,22.5408,132.62,18159,5977,4583,3495,0.0906146,0,60,1.17502,0.212457,114.673
529832,4185070.0,5944,4591,1,-0.00934689,0.258346,25.6609,99.3274,18159,5976,4588,3491,0.206414,0,38,2.321,0.322933,96.3672
529836,4185070.0,5944,4592,1,-0.0133004,0.252454,34.573,136.948,18159,5989,4596,3491,0.216685,6,46,4.55365,0.315567,134.163
529976,4185070.0,5944,4639,1,-0.0188686,0.512928,56.251,109.666,18159,5966,4663,3482,0.285228,26,19,5.17313,0.64116,98.4635
529980,4185070.0,5944,4640,1,-0.00932211,0.573474,51.8914,90.4861,18159,5963,4662,3481,0.302324,28,12,2.1088,0.716842,88.5234
530976,4185070.0,5944,4972,2,-0.0593011,0.523042,78.201,149.512,18159,5933,4924,3449,0.274526,45,15,22.1655,0.653803,149.322
530978,4185070.0,5944,4973,2,-0.0147637,0.507271,78.5376,154.824,18159,5933,4924,3449,0.226451,44,19,5.71444,0.634088,152.296
529746,4185080.0,5945,4562,1,-0.0142369,0.172431,22.0823,128.064,18159,5977,4583,3495,0.123206,0,58,4.55808,0.215539,113.779
529748,4185080.0,5945,4563,1,-0.0257557,0.17652,22.4029,126.914,18159,5977,4583,3495,0.103915,0,57,8.1719,0.22065,112.157
529832,4185080.0,5945,4591,1,-0.0147802,0.266417,24.3091,91.2445,18159,5975,4588,3491,0.219483,0,36,3.37152,0.333021,88.973
529836,4185080.0,5945,4592,1,-0.013033,0.26084,27.7262,106.296,18159,5980,4590,3491,0.222228,1,39,3.4634,0.32605,103.646
529838,4185080.0,5945,4593,1,-0.00080865,0.251765,27.3551,108.654,18159,5968,4616,3487,0.212393,3,44,0.219657,0.314706,98.6614
529976,4185080.0,5945,4639,1,-0.0153881,0.515409,55.363,107.416,18159,5966,4663,3482,0.294206,26,18,4.13231,0.644261,96.1958
529980,4185080.0,5945,4640,1,-0.0102577,0.577573,51.0441,88.3769,18159,5963,4662,3481,0.305288,27,12,2.26637,0.721966,86.5283
530964,4185080.0,5945,4968,2,-0.0122715,0.531567,73.5994,138.457,18159,5933,4924,3449,0.314276,42,15,4.24769,0.664458,138.454
530972,4185080.0,5945,4971,2,-0.0529225,0.516244,76.9835,149.122,18159,5933,4924,3449,0.371506,40,22,19.7298,0.645305,147.201
530976,4185080.0,5945,4972,2,-0.080649,0.507785,78.0145,153.637,18159,5933,4924,3449,0.242281,43,22,30.9766,0.634731,150.152
530978,4185080.0,5945,4973,2,-0.00507333,0.535572,134.553,251.232,18159,5919,4901,3427,0.198108,88,21,3.18645,0.669465,228.016
530996,4185080.0,5945,4979,1,-0.0291269,0.434857,109.448,251.687,18159,5945,4903,3456,0.218433,42,65,18.3272,0.543571,227.097
531000,4185080.0,5945,4980,1,-0.0174914,0.429049,110.079,256.566,18159,5945,4903,3456,0.21046,47,63,11.2192,0.536312,231.261
531002,4185080.0,5945,4981,1,-0.0102023,0.424711,111.679,262.953,18159,5945,4902,3456,0.22762,42,70,6.70678,0.530889,236.999
531026,4185080.0,5945,4989,3,-0.00344732,0.406476,116.196,285.861,18159,5947,4901,3440,0.233888,48,71,2.46364,0.508096,265.577
531030,4185080.0,5945,4990,3,-0.00365461,0.399037,114.715,287.48,18159,5949,4901,3440,0.238518,37,83,2.62657,0.498796,268.749
529746,4185080.0,5946,4562,1,-0.00181467,0.176505,21.6901,122.887,18159,5977,4583,3495,0.139165,0,55,0.557498,0.220631,111.32
529806,4185080.0,5946,4582,1,-0.00327974,0.299642,21.292,71.0581,18159,5970,4585,3491,0.186313,8,18,0.582631,0.374553,70.9622
529808,4185080.0,5946,4583,1,-0.00663539,0.301035,21.3735,70.9998,18159,5970,4585,3491,0.208798,2,23,1.17778,0.376294,70.8225
529838,4185080.0,5946,4593,1,-0.00434946,0.253853,33.0849,130.331,18159,5989,4596,3491,0.201449,5,44,1.41717,0.317316,127.747
529976,4185080.0,5946,4639,1,-0.00914468,0.515965,54.4304,105.492,18159,5967,4663,3482,0.29605,26,18,2.41173,0.644957,97.7639
529980,4185080.0,5946,4640,1,-0.0223151,0.578482,50.1681,86.7237,18159,5963,4662,3481,0.308321,28,10,4.83813,0.723103,84.5388
530960,4185080.0,5946,4967,2,-0.0190056,0.527615,72.4879,137.388,18159,5933,4924,3449,0.322145,39,18,6.52785,0.659519,136.485
530964,4185080.0,5946,4968,2,-0.00920741,0.520525,73.5139,141.23,18159,5933,4924,3449,0.309677,41,19,3.25091,0.650656,139.389
530972,4185080.0,5946,4971,2,-0.0488276,0.494504,76.7422,155.19,18159,5933,4924,3449,0.349154,39,26,18.9439,0.61813,145.688
530976,4185080.0,5946,4972,2,-0.057385,0.50966,109.125,214.113,18159,5942,4902,3456,0.247467,58,25,30.7171,0.637075,211.852
530978,4185080.0,5946,4973,2,-0.00193385,0.485772,104.096,214.29,18159,5945,4904,3456,0.186303,52,33,1.03601,0.607215,205.595
530996,4185080.0,5946,4979,1,-0.0163705,0.431528,109.055,252.718,18159,5945,4903,3456,0.266152,45,63,10.3428,0.53941,228.51
531000,4185080.0,5946,4980,1,-0.0156209,0.428074,110.794,258.819,18159,5945,4902,3456,0.246693,42,68,10.1075,0.535093,234.055
531002,4185080.0,5946,4981,1,-0.0022759,0.422986,111.271,263.062,18159,5945,4902,3456,0.237389,43,68,1.49675,0.528732,238.171
531024,4185080.0,5946,4988,3,-0.00477394,0.402943,113.158,280.828,18159,5949,4901,3440,0.239387,41,76,3.35164,0.503679,262.691
531026,4185080.0,5946,4989,3,-0.00637154,0.398248,112.876,283.431,18159,5950,4901,3440,0.243574,35,82,4.51472,0.49781,265.783
529742,4185080.0,5947,4561,1,-0.00103122,0.177921,21.1963,119.133,18159,5977,4583,3495,0.119668,0,53,0.307131,0.222402,110.639
529806,4185080.0,5947,4582,1,-0.0114177,0.306221,20.8374,68.0469,18159,5970,4585,3491,0.202653,9,18,1.94234,0.382777,67.9748
529808,4185080.0,5947,4583,1,-0.00285248,0.304178,20.6751,67.9705,18159,5970,4585,3491,0.215089,2,22,0.484712,0.380223,67.8007
529976,4185080.0,5947,4639,1,-0.0225817,0.516729,53.6923,103.908,18159,5967,4663,3482,0.313088,28,15,5.86604,0.645911,95.5591
529980,4185080.0,5947,4640,1,-0.0236374,0.576668,49.3261,85.5363,18159,5963,4662,3481,0.32882,27,10,5.05464,0.720835,82.5382
530952,4185080.0,5947,4964,2,-0.0149534,0.537748,69.4484,129.147,18159,5933,4924,3449,0.335356,39,16,4.82794,0.672185,128.926
530954,4185080.0,5947,4965,2,-0.0158554,0.530167,70.351,132.696,18159,5933,4924,3449,0.323464,39,17,5.25987,0.662708,131.784
530958,4185080.0,5947,4966,2,-0.0143333,0.521462,71.2831,136.699,18159,5933,4924,3449,0.317374,42,17,4.89836,0.651827,134.68
530960,4185080.0,5947,4967,2,-0.0204191,0.510166,72.2247,141.571,18159,5933,4924,3449,0.321451,39,21,7.22689,0.637707,134.382
530964,4185080.0,5947,4968,2,-0.00297679,0.503199,76.5973,152.22,18159,5933,4922,3449,0.311869,48,17,1.13282,0.628999,142.512
530996,4185080.0,5947,4979,1,-0.000902744,0.430556,109.602,254.56,18159,5945,4902,3456,0.262357,42,66,0.574506,0.538195,231.085
531024,4185080.0,5947,4988,3,-0.00561625,0.391497,108.141,276.224,18159,5953,4902,3440,0.238125,31,84,3.87836,0.489372,260.093
529806,4185080.0,5948,4582,1,-0.0151227,0.310502,20.2028,65.0649,18159,5970,4585,3491,0.212265,8,16,2.45989,0.388128,64.9967
529976,4185080.0,5948,4639,1,-0.0360094,0.51401,52.762,102.648,18159,5967,4663,3482,0.332541,26,16,9.24072,0.642513,93.2875
529980,4185080.0,5948,4640,1,-0.0274147,0.568769,48.2798,84.8847,18159,5963,4662,3481,0.348602,26,10,5.81772,0.710962,80.3454
530948,4185080.0,5948,4963,2,-0.0229091,0.533523,68.2345,127.894,18159,5933,4924,3449,0.355,37,18,7.32484,0.666904,123.469
530952,4185080.0,5948,4964,2,-0.0171255,0.522672,69.2003,132.397,18159,5933,4924,3449,0.329668,36,20,5.66843,0.65334,126.972
530954,4185080.0,5948,4965,2,-0.0108217,0.509606,71.8909,141.071,18159,5933,4923,3449,0.314169,44,16,3.81658,0.637008,133.659
530958,4185080.0,5948,4966,2,-0.00382539,0.505273,77.5167,153.415,18159,5933,4920,3449,0.319683,47,17,1.46719,0.631591,144.428
530960,4185080.0,5948,4967,2,-0.00816857,0.515092,98.1977,190.641,18159,5945,4904,3456,0.329106,51,20,3.89316,0.643865,190.707
530964,4185080.0,5948,4968,2,-0.000690262,0.508226,99.2122,195.213,18159,5945,4904,3456,0.330662,47,27,0.33687,0.635283,193.773
531018,4185080.0,5948,4986,3,-0.000152049,0.403957,110.264,272.96,18159,5950,4901,3440,0.235511,32,80,0.103758,0.504946,256.552
531020,4185080.0,5948,4987,3,-0.0094547,0.305034,104.337,342.05,18159,6013,4898,3443,0.228534,21,132,8.08494,0.381292,332.444
529736,4185090.0,5949,4559,1,-0.00345409,0.179353,20.5111,114.361,18159,5977,4583,3495,0.0681075,0,51,0.987536,0.224192,109.707
529740,4185090.0,5949,4560,1,-0.00199924,0.182909,20.581,112.52,18159,5977,4583,3495,0.0825516,0,50,0.562386,0.228636,107.804
529806,4185090.0,5949,4582,1,-0.0123271,0.313988,19.4958,62.0911,18159,5970,4585,3491,0.227629,8,15,1.91351,0.392484,62.0207
529808,4185090.0,5949,4583,1,-0.00685029,0.313053,19.3623,61.85,18159,5970,4585,3491,0.229172,6,16,1.05923,0.391316,61.7463
529976,4185090.0,5949,4639,1,-0.01197,0.510604,51.6568,101.168,18159,5967,4663,3482,0.330076,25,16,3.02746,0.638255,90.8906
529980,4185090.0,5949,4640,1,-0.0130963,0.568386,48.0906,84.6091,18159,5964,4662,3481,0.338219,24,12,2.77017,0.710482,81.1087
530918,4185090.0,5949,4953,2,-0.0169353,0.570349,56.4368,98.9514,18159,5933,4924,3449,0.39509,32,12,4.18943,0.712936,98.0314
530922,4185090.0,5949,4954,2,-0.00243109,0.568226,57.611,101.387,18159,5933,4924,3449,0.391385,33,12,0.616204,0.710283,100.373
530934,4185090.0,5949,4958,2,-0.0210888,0.552827,62.4957,113.047,18159,5933,4924,3449,0.381896,36,13,5.9601,0.691034,110.973
530936,4185090.0,5949,4959,2,-0.00833307,0.545525,63.5095,116.419,18159,5933,4924,3449,0.364735,34,16,2.42532,0.681906,113.875
530946,4185090.0,5949,4962,2,-0.0174142,0.520288,68.7408,132.121,18159,5933,4923,3449,0.37405,42,14,5.75193,0.65036,126.63
530948,4185090.0,5949,4963,2,-0.0257381,0.520906,73.0427,140.222,18159,5933,4921,3449,0.350939,47,12,9.02263,0.651133,133.522
530952,4185090.0,5949,4964,2,-0.0115268,0.536895,107.205,199.676,18159,5939,4899,3456,0.328019,63,15,5.75406,0.671119,198.564
530954,4185090.0,5949,4965,2,-0.0103062,0.519951,96.1118,184.848,18159,5945,4904,3456,0.312914,46,24,4.7627,0.649938,184.966
531012,4185090.0,5949,4984,3,-0.00160437,0.403766,105.852,262.162,18159,5952,4902,3440,0.245089,33,75,1.05151,0.504707,247.696
531014,4185090.0,5949,4985,3,-0.00395182,0.315363,104.928,332.723,18159,6012,4896,3443,0.23794,36,115,3.28715,0.394203,326.271
531018,4185090.0,5949,4986,3,-0.00617949,0.30063,103.189,343.244,18159,6014,4898,3443,0.233475,16,136,5.30267,0.375788,329.605
529736,4185090.0,5950,4559,1,-0.00678436,0.181649,20.2293,111.365,18159,5977,4583,3495,0.0760466,0,50,1.88885,0.227061,107.47
529806,4185090.0,5950,4582,1,-0.0300321,0.318968,18.8561,59.1159,18159,5970,4585,3491,0.26486,6,16,4.43844,0.39871,59.047
529808,4185090.0,5950,4583,1,-0.024111,0.318054,18.7065,58.8155,18159,5970,4585,3491,0.261184,6,15,3.54525,0.397568,58.7348
529980,4185090.0,5950,4640,1,-0.00616432,0.568333,47.7545,84.0256,18159,5965,4662,3481,0.310269,22,14,1.2949,0.710416,81.476
530918,4185090.0,5950,4953,2,-0.0208564,0.559002,60.1007,107.514,18159,5933,4922,3449,0.389332,43,4,5.60591,0.698752,105.339
530922,4185090.0,5950,4954,2,-0.0141769,0.558909,61.2789,109.64,18159,5933,4922,3449,0.379631,43,5,3.8859,0.698636,107.333
530924,4185090.0,5950,4955,2,-0.00351501,0.556795,62.3647,112.007,18159,5933,4922,3449,0.379646,43,6,0.98426,0.695993,109.544
530930,4185090.0,5950,4957,2,-0.00920547,0.54722,64.6829,118.203,18159,5933,4922,3449,0.383957,45,6,2.72028,0.684025,115.066
530934,4185090.0,5950,4958,2,-0.0175336,0.537906,65.8709,122.458,18159,5933,4922,3449,0.368721,44,8,5.36782,0.672383,118.72
530936,4185090.0,5950,4959,2,-0.0100896,0.535119,68.4982,128.006,18159,5933,4921,3449,0.352795,46,8,3.22881,0.668899,123.66
530942,4185090.0,5950,4961,2,-0.00772886,0.546738,105.954,193.793,18159,5938,4898,3456,0.363093,66,10,3.7445,0.683423,193.659
530946,4185090.0,5950,4962,2,-0.00923013,0.532866,92.9548,174.443,18159,5945,4904,3456,0.356793,48,16,4.02534,0.666082,176.107
530948,4185090.0,5950,4963,2,-0.00480839,0.525091,93.8217,178.677,18159,5945,4904,3456,0.342799,45,22,2.14787,0.656363,179.237
530952,4185090.0,5950,4964,2,-0.00258543,0.518268,94.8112,182.939,18159,5945,4904,3456,0.328865,48,22,1.18244,0.647834,182.244
530996,4185090.0,5950,4979,3,-0.00627823,0.421872,105.839,250.878,18159,5949,4901,3440,0.220647,34,70,3.93768,0.52734,235.519
531006,4185090.0,5950,4982,3,-0.0151104,0.308354,100.549,326.082,18159,6013,4898,3443,0.281927,21,125,12.318,0.385443,316.697
531008,4185090.0,5950,4983,3,-0.0339067,0.304474,101.378,332.961,18159,6013,4898,3443,0.237773,17,132,28.2241,0.380592,317.724
531012,4185090.0,5950,4984,3,-0.0103161,0.302207,101.72,336.591,18159,6014,4898,3443,0.211274,15,134,8.68078,0.377759,323.137
529734,4185090.0,5951,4558,1,-0.0102842,0.179102,20.154,112.528,18159,5977,4583,3495,0.0661338,0,50,2.89314,0.223878,106.754
529736,4185090.0,5951,4559,1,-0.000967769,0.1847,20.0225,108.405,18159,5977,4583,3495,0.072457,0,49,0.262279,0.230876,105.268
529806,4185090.0,5951,4582,1,-0.0425145,0.322023,18.0771,56.136,18159,5970,4585,3491,0.327474,6,15,5.96648,0.402529,56.0712
529808,4185090.0,5951,4583,1,-0.039634,0.321379,17.9351,55.8067,18159,5970,4585,3491,0.32593,5,15,5.52961,0.401723,55.7404
529976,4185090.0,5951,4639,1,-0.0044768,0.512511,52.3368,102.118,18159,5968,4664,3482,0.286817,25,16,1.14291,0.640639,92.0759
529980,4185090.0,5951,4640,1,-0.0125252,0.574386,49.5568,86.2778,18159,5966,4663,3482,0.296902,24,13,2.70161,0.717983,84.1905
530978,4185090.0,5951,4973,1,-0.0354419,0.459882,103.765,225.634,18159,5945,4903,3456,0.214392,41,54,19.9922,0.574853,209.567
530994,4185090.0,5951,4978,3,-0.0206852,0.408729,99.569,243.606,18159,5954,4902,3440,0.23399,34,66,12.5976,0.510912,229.695
530996,4185090.0,5951,4979,3,-0.0308058,0.316999,98.1572,309.645,18159,6012,4898,3443,0.202077,31,110,23.8472,0.396248,305.79
529806,4185100.0,5952,4582,1,-0.00998602,0.317341,16.8682,53.1547,18159,5970,4585,3491,0.372572,4,16,1.32701,0.396676,53.0985
529808,4185100.0,5952,4583,1,-0.0214403,0.318381,16.8147,52.813,18159,5970,4585,3491,0.377543,6,13,2.83081,0.397977,52.748
529976,4185100.0,5952,4639,1,-0.0114648,0.505211,51.8399,102.61,18159,5969,4664,3482,0.283464,18,23,2.94101,0.631514,92.1574
529980,4185100.0,5952,4640,1,-0.0166901,0.570697,48.7234,85.3753,18159,5966,4663,3482,0.308596,22,14,3.56231,0.713372,81.8317
529982,4185100.0,5952,4641,1,-0.00561051,0.608354,45.1767,74.2605,18159,5964,4662,3481,0.316427,23,9,1.0416,0.760443,74.1726
530976,4185100.0,5952,4972,1,-0.00391133,0.461607,102.739,222.568,18159,5945,4903,3456,0.259711,40,53,2.17634,0.577008,207.225
530978,4185100.0,5952,4973,1,-0.0105586,0.448632,104.497,232.924,18159,5945,4902,3456,0.239099,41,56,6.14837,0.56079,215.12
530982,4185100.0,5952,4974,1,-0.00277483,0.436761,102.454,234.578,18159,5949,4901,3440,0.191259,33,64,1.62728,0.545951,220.723
530984,4185100.0,5952,4975,1,-0.00379469,0.419952,98.2615,233.983,18159,5953,4902,3440,0.189327,31,64,2.21973,0.524939,220.539
530990,4185100.0,5952,4977,3,-0.0337912,0.312083,96.6938,309.833,18159,6013,4898,3443,0.252674,19,120,26.1741,0.390104,301.122
530994,4185100.0,5952,4978,3,-0.0501391,0.307004,97.4016,317.265,18159,6014,4898,3443,0.234413,13,128,39.7684,0.383755,305.5
529736,4185100.0,5953,4559,1,-0.00333274,0.190896,19.6357,102.861,18159,5977,4583,3495,0.077834,0,47,0.85702,0.23862,100.964
529976,4185100.0,5953,4639,1,-0.0124437,0.496979,53.4389,107.527,18159,5970,4665,3482,0.288023,20,24,3.34509,0.621224,93.7199
529980,4185100.0,5953,4640,1,-0.000135127,0.56889,47.9226,84.2388,18159,5967,4663,3482,0.29483,24,12,0.0284574,0.711112,82.8179
530970,4185100.0,5953,4970,1,-0.0246789,0.469996,100.823,214.519,18159,5945,4903,3456,0.334745,39,51,13.2352,0.587495,201.091
530972,4185100.0,5953,4971,1,-0.0550716,0.462585,102.949,222.552,18159,5945,4902,3456,0.296778,39,55,30.6407,0.578231,207.03
530976,4185100.0,5953,4972,1,-0.0209094,0.453389,103.92,229.207,18159,5946,4901,3440,0.268762,43,52,11.9814,0.566736,215.476
530978,4185100.0,5953,4973,1,-0.00604182,0.435643,100.472,230.629,18159,5950,4901,3440,0.259413,29,65,3.48354,0.544553,217.682
530982,4185100.0,5953,4974,1,-0.0311145,0.313002,75.2577,240.439,18159,5979,4906,3440,0.225818,25,82,18.7028,0.391252,217.778
530988,4185100.0,5953,4976,3,-0.00626107,0.30823,95.508,309.859,18159,6013,4898,3443,0.235797,12,127,4.85013,0.385288,295.504
530990,4185100.0,5953,4977,3,-0.0150691,0.306661,96.0683,313.272,18159,6014,4898,3443,0.265845,12,127,11.8018,0.383327,301.012
529736,4185100.0,5954,4559,1,-0.00645778,0.193166,19.3954,100.408,18159,5977,4583,3495,0.0795073,0,46,1.62103,0.241458,98.8585
529982,4185100.0,5954,4641,1,-0.000474276,0.60987,46.7357,76.6322,18159,5966,4663,3482,0.270827,24,9,0.090862,0.762338,77.0316
530970,4185100.0,5954,4970,1,-0.0219892,0.460797,101.487,220.243,18159,5945,4902,3456,0.373407,38,54,12.1074,0.575997,205.599
530972,4185100.0,5954,4971,1,-0.046485,0.458318,103.104,224.962,18159,5946,4901,3440,0.336009,44,49,26.1433,0.572897,212.954
530976,4185100.0,5954,4972,1,-0.0261055,0.439707,99.6207,226.561,18159,5950,4901,3440,0.318661,29,63,14.7862,0.549634,214.87
530978,4185100.0,5954,4973,1,-0.0127978,0.301508,74.1317,245.87,18159,5979,4906,3440,0.284802,17,94,7.8665,0.376885,215.104
530984,4185100.0,5954,4975,3,-0.0238913,0.309677,94.5613,305.354,18159,6014,4898,3443,0.237464,13,125,18.2383,0.387097,294.955
529736,4185100.0,5955,4559,1,-0.0020245,0.194406,19.1199,98.3504,18159,5977,4583,3495,0.0871909,0,45,0.497775,0.243007,96.7628
529980,4185100.0,5955,4640,1,-0.00124642,0.554216,48.8347,88.115,18159,5968,4664,3482,0.259853,29,11,0.274572,0.69277,83.8096
529982,4185100.0,5955,4641,1,-0.0235358,0.605213,46.0882,76.1521,18159,5966,4663,3482,0.241483,20,12,4.48075,0.756516,74.8515
530966,4185100.0,5955,4969,1,-0.0102255,0.460189,99.8687,217.017,18159,5945,4902,3456,0.34826,37,53,5.54773,0.575236,203.625
530970,4185100.0,5955,4970,1,-0.00634229,0.454158,100.234,220.704,18159,5947,4901,3440,0.364843,38,52,3.49942,0.567697,209.719
530972,4185100.0,5955,4971,1,-0.00616994,0.439879,97.7787,222.286,18159,5950,4901,3440,0.355627,28,62,3.42872,0.549848,212.066
530982,4185100.0,5955,4974,3,-0.020491,0.310774,93.3173,300.274,18159,6014,4898,3443,0.301252,13,123,15.3823,0.388468,290.745
529808,4185110.0,5956,4583,1,-0.00186507,0.309375,12.6416,40.8616,18159,5970,4585,3491,0.322419,6,11,0.190525,0.386719,40.8099
529980,4185110.0,5956,4640,1,-0.0147052,0.544285,48.3956,88.9159,18159,5969,4664,3482,0.253244,22,16,3.26882,0.680356,83.9019
529982,4185110.0,5956,4641,1,-0.0306807,0.607655,45.5639,74.9831,18159,5967,4663,3482,0.261468,24,8,5.75134,0.759569,75.7504
529808,4185110.0,5957,4583,1,-0.00125579,0.307446,11.6461,37.8802,18159,5970,4585,3491,0.333843,5,9,0.118924,0.384307,37.8345
529980,4185110.0,5957,4640,1,-0.0062563,0.53508,47.565,88.8933,18159,5969,4664,3482,0.257372,22,17,1.39036,0.66885,79.8543
529982,4185110.0,5957,4641,1,-0.0305585,0.606325,44.7374,73.7845,18159,5967,4663,3482,0.275194,24,7,5.63686,0.757907,74.2259
530958,4185110.0,5957,4966,1,-0.00256791,0.467857,96.7065,206.701,18159,5945,4902,3456,0.253215,36,49,1.32697,0.584822,196.055
530976,4185110.0,5957,4972,3,-0.00935196,0.310697,90.7762,292.169,18159,6014,4898,3443,0.298357,14,118,6.83089,0.388372,282.327
529980,4185110.0,5958,4640,1,-0.00644751,0.534188,49.3728,92.426,18159,5970,4665,3482,0.255336,20,18,1.48979,0.667735,83.9425
529982,4185110.0,5958,4641,1,-0.0223244,0.598417,43.9044,73.3675,18159,5967,4663,3482,0.273597,22,8,4.09471,0.748021,72.4986
530954,4185110.0,5958,4965,1,-0.00779691,0.472213,95.9662,203.226,18159,5946,4901,3440,0.276698,37,46,3.96135,0.590266,196.914
530958,4185110.0,5958,4966,1,-0.0134651,0.458418,93.7066,204.413,18159,5949,4901,3440,0.262267,31,52,6.88113,0.573022,198.469
530960,4185110.0,5958,4967,1,-0.00605234,0.446138,90.6706,203.234,18159,5952,4902,3440,0.25094,30,52,3.07511,0.557672,197.309
530976,4185110.0,5958,4972,3,-0.00354728,0.308758,90.1336,291.923,18159,6014,4898,3443,0.292555,11,118,2.58883,0.385947,280.019
529806,4185120.0,5959,4582,1,-0.00011591,0.283732,9.91525,34.9458,18159,5970,4585,3491,0.312949,2,11,0.0101264,0.354665,33.6044
529980,4185120.0,5959,4640,1,-0.0164419,0.520293,48.4313,93.0847,18159,5971,4665,3482,0.251273,12,26,3.82623,0.650366,83.9733
529982,4185120.0,5959,4641,1,-0.0340978,0.59396,45.7637,77.0486,18159,5968,4664,3482,0.273858,21,10,6.56797,0.742449,75.658
530954,4185120.0,5959,4965,1,-0.00308823,0.456857,91.6393,200.586,18159,5950,4901,3440,0.286216,28,52,1.54864,0.571072,195.473
530958,4185120.0,5959,4966,1,-0.019205,0.413517,78.986,191.01,18159,5962,4904,3440,0.284196,26,48,9.17091,0.516896,187.775
530960,4185120.0,5959,4967,1,-0.0281378,0.342057,99.5228,290.954,18159,6011,4887,3443,0.270585,39,92,20.467,0.427571,286.512
530970,4185120.0,5959,4970,3,-0.00170686,0.309642,88.2014,284.849,18159,6014,4898,3443,0.272042,10,116,1.2155,0.387053,273.819
529806,4185120.0,5960,4582,1,-0.00770354,0.296149,9.82069,33.1614,18159,5971,4585,3491,0.317031,1,12,0.638649,0.370186,35.3526
529980,4185120.0,5960,4640,1,-0.0143103,0.514979,49.7313,96.5696,18159,5972,4666,3482,0.266501,18,21,3.45486,0.643723,86.8125
529982,4185120.0,5960,4641,1,-0.0335459,0.580102,45.4269,78.3085,18159,5969,4664,3482,0.27788,14,17,6.56732,0.725127,75.4375
530948,4185120.0,5960,4963,1,-0.0140634,0.463558,89.8457,193.818,18159,5950,4901,3440,0.293969,26,51,6.81435,0.579447,189.938
530952,4185120.0,5960,4964,1,-0.0159102,0.449965,86.8528,193.021,18159,5953,4902,3440,0.280782,26,52,7.67754,0.562456,188.722
530954,4185120.0,5960,4965,1,-0.005167,0.322694,65.2163,202.1,18159,5979,4906,3440,0.280279,26,63,2.61062,0.403367,187.067
530958,4185120.0,5960,4966,1,-0.0145666,0.328824,86.549,263.208,18159,6012,4897,3443,0.294582,27,93,9.58509,0.41103,258.335
529806,4185120.0,5961,4582,1,-0.00318849,0.285512,8.89694,31.1614,18159,5971,4585,3491,0.324011,0,12,0.248394,0.35689,31.602
529980,4185120.0,5961,4640,1,-0.0119493,0.505091,50.7166,100.411,18159,5973,4667,3482,0.28517,26,14,2.9996,0.631363,89.4747
529982,4185120.0,5961,4641,1,-0.024175,0.575717,46.9881,81.6167,18159,5970,4665,3482,0.293115,17,15,4.9327,0.719646,78.2509
530880,4185120.0,5961,4940,1,-0.0305299,0.570284,68.8614,120.749,18159,5945,4903,3456,0.385415,36,16,9.21617,0.712854,120.145
530882,4185120.0,5961,4941,1,-0.0186011,0.566516,69.8545,123.306,18159,5945,4903,3456,0.360565,37,16,5.73404,0.708145,122.651
530894,4185120.0,5961,4945,1,-0.0128643,0.555141,74.4939,134.189,18159,5945,4903,3456,0.385006,39,18,4.31563,0.693926,133.224
530898,4185120.0,5961,4946,1,-0.00940043,0.55075,75.5449,137.167,18159,5945,4903,3456,0.360247,39,19,3.22358,0.688437,136.029
530900,4185120.0,5961,4947,1,-0.0038486,0.546228,76.5878,140.212,18159,5945,4903,3456,0.35079,39,20,1.34905,0.682785,138.874
530904,4185120.0,5961,4948,1,-0.00260405,0.541576,77.6311,143.343,18159,5945,4903,3456,0.350245,39,21,0.933179,0.67697,141.768
530906,4185120.0,5961,4949,1,-5.25764e-05,0.537019,78.7035,146.556,18159,5945,4903,3456,0.351941,40,21,0.0192635,0.671274,144.706
530922,4185120.0,5961,4954,1,-0.00319073,0.512409,85.2417,166.355,18159,5945,4902,3456,0.329483,34,35,1.32698,0.640511,162.213
530924,4185120.0,5961,4955,1,-0.00196721,0.507571,86.1915,169.812,18159,5945,4902,3456,0.313835,36,34,0.835136,0.634464,165.463
530928,4185120.0,5961,4956,1,-0.00402893,0.501696,87.0986,173.608,18159,5945,4902,3456,0.302872,36,35,1.74864,0.627121,169.002
530946,4185120.0,5961,4962,1,-0.0144321,0.456196,84.9868,186.295,18159,5953,4902,3440,0.311367,25,50,6.72154,0.570244,183.136
530948,4185120.0,5961,4963,1,-0.0320987,0.413966,75.2513,181.781,18159,5963,4904,3440,0.287321,16,56,14.5874,0.517458,178.569
530952,4185120.0,5961,4964,1,-0.0249635,0.302784,64.1041,211.716,18159,5979,4906,3440,0.269592,10,85,13.2129,0.37848,182.698
530954,4185120.0,5961,4965,1,-0.0142752,0.328466,84.086,255.996,18159,6012,4898,3443,0.272394,25,92,9.13598,0.410582,250.877
529980,4185130.0,5962,4640,1,-0.0141599,0.481873,50.6663,105.144,18159,5975,4668,3482,0.276041,26,16,3.7221,0.602342,94.4217
529982,4185130.0,5962,4641,1,-0.0101932,0.564074,45.966,81.4892,18159,5971,4665,3482,0.288767,12,20,2.0766,0.705093,78.4237
530880,4185130.0,5962,4940,1,-0.0137636,0.560498,70.6855,126.112,18159,5946,4901,3440,0.396132,32,22,4.33937,0.700623,127.997
530882,4185130.0,5962,4941,1,-0.0230281,0.5551,71.7488,129.254,18159,5946,4901,3440,0.368806,32,23,7.44118,0.693875,130.582
530886,4185130.0,5962,4942,1,-0.0157408,0.550574,72.9158,132.436,18159,5946,4901,3440,0.358587,31,25,5.21161,0.688218,133.122
530894,4185130.0,5962,4945,1,-0.0188486,0.539123,75.9321,140.844,18159,5945,4902,3456,0.370182,33,26,6.63678,0.673903,138.952
530898,4185130.0,5962,4946,1,-0.0136654,0.533549,76.9203,144.167,18159,5945,4902,3456,0.354118,31,29,4.92526,0.666936,142.034
530900,4185130.0,5962,4947,1,-0.00294102,0.530352,78.2532,147.55,18159,5946,4901,3440,0.342285,33,28,1.08486,0.66294,147.104
530904,4185130.0,5962,4948,1,-0.00587503,0.527367,79.3309,150.428,18159,5946,4901,3440,0.345676,35,27,2.20943,0.659208,150.149
530906,4185130.0,5962,4949,1,-0.00732275,0.524316,80.3533,153.254,18159,5946,4901,3440,0.346383,36,27,2.8056,0.655395,153.232
530922,4185130.0,5962,4954,1,-0.0116019,0.495902,82.4684,166.3,18159,5949,4901,3440,0.330848,30,37,4.82347,0.619878,165.151
530924,4185130.0,5962,4955,1,-0.0139942,0.488122,82.507,169.029,18159,5950,4901,3440,0.302832,27,40,5.91357,0.610152,167.118
530928,4185130.0,5962,4956,1,-0.00177237,0.484903,83.3385,171.866,18159,5950,4901,3440,0.289331,29,39,0.761528,0.606128,170.293
530934,4185130.0,5962,4958,1,-0.0148083,0.473442,82.223,173.671,18159,5952,4902,3440,0.278938,28,41,6.42943,0.591802,172.25
530936,4185130.0,5962,4959,1,-0.0144748,0.465028,82.2258,176.819,18159,5953,4902,3440,0.270727,23,46,6.39857,0.581285,174.501
530940,4185130.0,5962,4960,1,-0.00528424,0.440006,77.1129,175.254,18159,5958,4903,3440,0.285553,33,35,2.31521,0.550007,172.917
530942,4185130.0,5962,4961,1,-0.0175119,0.418008,73.2389,175.209,18159,5963,4904,3440,0.305306,16,53,7.67065,0.522509,172.507
530946,4185130.0,5962,4962,1,-0.0445627,0.328211,62.3451,189.954,18159,5979,4906,3440,0.293716,26,60,21.1622,0.410264,176.797
530948,4185130.0,5962,4963,1,-0.0235398,0.293978,63.0358,214.423,18159,5979,4906,3440,0.27831,5,92,12.6187,0.367473,179.89
530952,4185130.0,5962,4964,1,-0.00940804,0.329045,82.8103,251.669,18159,6012,4898,3443,0.269751,25,90,5.91928,0.411306,246.581
529982,4185130.0,5963,4641,1,-0.00787964,0.556901,45.0438,80.883,18159,5971,4665,3482,0.262579,9,24,1.59332,0.696126,76.8672
530930,4185130.0,5963,4957,1,-0.00642666,0.450617,74.6937,165.759,18159,5958,4903,3440,0.288612,32,32,2.66318,0.563272,164.189
530934,4185130.0,5963,4958,1,-0.029815,0.43556,71.5944,164.373,18159,5962,4904,3440,0.276538,16,46,12.252,0.54445,163.528
530936,4185130.0,5963,4959,1,-0.0203365,0.417996,70.6417,169.001,18159,5964,4904,3440,0.265821,19,46,8.59219,0.522495,166.518
530940,4185130.0,5963,4960,1,-0.00711873,0.348859,60.8228,174.348,18159,5978,4906,3440,0.274649,34,40,3.10284,0.436073,169.887
530942,4185130.0,5963,4961,1,-0.0234735,0.314788,61.1145,194.145,18159,5979,4906,3440,0.295707,7,79,11.3932,0.393485,171.443
530946,4185130.0,5963,4962,1,-0.0343356,0.280299,62.2925,222.236,18159,5979,4904,3440,0.304535,6,93,19.0765,0.350374,179.552
530948,4185130.0,5963,4963,1,-0.0118441,0.328968,81.6961,248.341,18159,6012,4898,3443,0.286554,24,89,7.35343,0.411209,243.412
529982,4185130.0,5964,4641,1,-0.0115843,0.55883,46.5628,83.322,18159,5972,4666,3482,0.248299,13,21,2.41306,0.698537,80.0649
530928,4185130.0,5964,4956,1,-0.0182345,0.43389,68.7777,158.514,18159,5963,4904,3440,0.278556,10,50,7.22607,0.542362,157.528
530930,4185130.0,5964,4957,1,-0.0197614,0.417039,67.756,162.469,18159,5965,4904,3440,0.273476,18,45,8.02653,0.521299,160.555
530934,4185130.0,5964,4958,1,-0.0256078,0.382833,61.4398,160.487,18159,5974,4906,3440,0.266681,22,41,10.2743,0.478541,160.212
530936,4185130.0,5964,4959,1,-0.0144775,0.326668,59.0848,180.871,18159,5979,4906,3440,0.260434,17,62,6.5464,0.408335,166.354
529806,4185140.0,5965,4582,1,-0.000531385,0.26753,6.47099,24.1879,18159,5973,4585,3491,0.295414,0,10,0.0321327,0.334412,27.1686
529980,4185140.0,5965,4640,1,-0.0178739,0.562374,59.9497,106.601,18159,6000,4644,3488,0.229629,31,11,4.76346,0.702967,104.271
529982,4185140.0,5965,4641,1,-0.0233815,0.546623,47.6327,87.1399,18159,5973,4667,3482,0.247059,26,9,5.09365,0.683279,82.8638
530924,4185140.0,5965,4955,1,-0.0166479,0.422356,65.8826,155.988,18159,5965,4904,3440,0.301468,16,44,6.49219,0.527945,154.5
530928,4185140.0,5965,4956,1,-0.0199636,0.392266,61.2404,156.12,18159,5972,4905,3440,0.284825,22,39,7.79178,0.490332,155.788
530930,4185140.0,5965,4957,1,-0.0146279,0.35298,57.9585,164.198,18159,5978,4906,3440,0.271992,32,37,6.00465,0.441225,159.503
530934,4185140.0,5965,4958,1,-0.00826623,0.324842,57.9852,178.503,18159,5979,4906,3440,0.267589,15,64,3.68886,0.406052,160.537
530952,4185140.0,5965,4964,3,-0.00841344,0.31214,80.9337,259.287,18159,6014,4898,3443,0.297441,9,105,5.45374,0.390174,248.655
530954,4185140.0,5965,4965,3,-0.00535954,0.310395,81.5226,262.642,18159,6014,4898,3443,0.292029,9,106,3.51909,0.387993,250.271
529980,4185140.0,5966,4640,1,-0.024977,0.558129,48.4917,86.8826,18159,5995,4640,3488,0.250408,24,8,5.42516,0.697661,85.5082
529982,4185140.0,5966,4641,1,-0.0231431,0.508187,47.6217,93.7089,18159,5975,4668,3482,0.264088,22,17,5.42178,0.635234,86.9149
530924,4185140.0,5966,4955,1,-0.00854132,0.375082,57.2901,152.74,18159,5976,4906,3440,0.301094,28,34,3.26151,0.468852,151.378
530928,4185140.0,5966,4956,1,-0.0140634,0.334212,56.1439,167.989,18159,5979,4906,3440,0.291203,24,52,5.90624,0.417765,156.258
530930,4185140.0,5966,4957,1,-0.0141943,0.321833,56.8595,176.674,18159,5979,4906,3440,0.278919,11,68,6.26941,0.402291,157.114
529980,4185140.0,5967,4640,1,-0.0152501,0.547359,44.3942,81.1061,18159,5994,4639,3488,0.262696,24,7,3.0922,0.684199,79.553
529982,4185140.0,5967,4641,1,-0.025967,0.47893,49.5929,103.549,18159,5977,4670,3483,0.271239,34,10,6.72217,0.598662,93.2411
530918,4185140.0,5967,4953,1,-0.0017036,0.376904,55.2897,146.695,18159,5976,4906,3440,0.284437,30,29,0.624771,0.47113,144.766
530922,4185140.0,5967,4954,1,-0.00560731,0.341237,54.2031,158.843,18159,5979,4906,3440,0.285843,24,45,2.2267,0.426547,149.963
530924,4185140.0,5967,4955,1,-0.00480936,0.329002,54.923,166.938,18159,5979,4906,3440,0.285719,16,58,2.00716,0.411253,152.466
530928,4185140.0,5967,4956,1,-0.00609669,0.317315,55.6459,175.365,18159,5979,4906,3440,0.284404,6,71,2.67286,0.396644,153.846
530946,4185140.0,5967,4962,3,-0.00257395,0.314013,78.6787,250.559,18159,6013,4898,3443,0.260011,9,102,1.61231,0.392516,236.801
529980,4185140.0,5968,4640,1,-0.0100003,0.517677,35.2173,68.0294,18159,5990,4636,3488,0.269562,22,5,1.70079,0.647097,65.3701
529982,4185140.0,5968,4641,1,-0.0272135,0.539094,57.5475,106.749,18159,6000,4644,3488,0.276979,38,8,7.26249,0.673868,95.6003
530894,4185140.0,5968,4945,1,-0.00429181,0.444158,55.2903,124.484,18159,5965,4904,3440,0.33094,16,31,1.33565,0.555197,124.792
530898,4185140.0,5968,4946,1,-0.00844136,0.434473,55.4576,127.643,18159,5966,4904,3440,0.340352,26,23,2.69371,0.543091,127.683
530906,4185140.0,5968,4949,1,-0.0146673,0.399984,52.4043,131.016,18159,5974,4906,3440,0.374213,21,29,4.80412,0.49998,131.599
530910,4185140.0,5968,4950,1,-0.0253874,0.386108,52.3886,135.684,18159,5976,4906,3440,0.362203,20,33,8.61166,0.482635,135.89
530912,4185140.0,5968,4951,1,-0.0229045,0.359762,52.1059,144.834,18159,5978,4906,3440,0.328524,28,32,8.29339,0.449702,139.741
530916,4185140.0,5968,4952,1,-0.0127176,0.339447,52.3221,154.139,18159,5979,4906,3440,0.293551,23,43,4.9007,0.424308,143.195
530918,4185140.0,5968,4953,1,-0.00743226,0.331752,53.0624,159.946,18159,5979,4906,3440,0.270808,17,54,2.9719,0.41469,145.951
530922,4185140.0,5968,4954,1,-0.00792067,0.324807,53.8235,165.709,18159,5979,4906,3440,0.266254,11,63,3.28132,0.406009,146.899
530924,4185140.0,5968,4955,1,-0.000227348,0.311748,54.4606,174.695,18159,5979,4906,3440,0.264953,8,69,0.099291,0.389685,150.719
530942,4185140.0,5968,4961,3,-0.00859825,0.315088,77.5413,246.094,18159,6013,4898,3443,0.271802,10,99,5.28995,0.39386,232.621
530946,4185140.0,5968,4962,3,-0.00546433,0.31218,77.9512,249.699,18159,6014,4898,3443,0.265544,9,100,3.4111,0.390225,237.873
529980,4185150.0,5969,4640,1,-0.0153746,0.526295,34.5059,65.5638,18159,5990,4636,3488,0.276546,20,6,2.52005,0.657869,62.8361
529982,4185150.0,5969,4641,1,-0.0260309,0.594428,56.6954,95.3781,18159,6000,4644,3488,0.302023,31,8,6.20695,0.743035,92.1
529986,4185150.0,5969,4642,1,-0.0365342,0.507415,46.2149,91.079,18159,5976,4669,3482,0.325483,17,20,8.31875,0.634269,85.353
530892,4185150.0,5969,4944,1,-0.00918904,0.419475,49.2141,117.323,18159,5971,4905,3440,0.322625,18,24,2.69521,0.524344,118.68
530894,4185150.0,5969,4945,1,-0.0089102,0.407168,47.9919,117.867,18159,5974,4906,3440,0.335379,16,27,2.62556,0.50896,119.641
530898,4185150.0,5969,4946,1,-0.00726305,0.396568,48.4583,122.194,18159,5975,4906,3440,0.346441,16,31,2.21875,0.49571,122.92
530900,4185150.0,5969,4947,1,-0.00312594,0.384868,48.8413,126.904,18159,5976,4906,3440,0.353318,25,26,0.991736,0.481085,126.197
530904,4185150.0,5969,4948,1,-0.00542106,0.362025,48.6018,134.25,18159,5978,4906,3440,0.367601,28,28,1.81944,0.452531,130.511
530906,4185150.0,5969,4949,1,-0.017514,0.345609,49.0606,141.954,18159,5979,4906,3440,0.374174,18,42,6.21546,0.432011,134.043
530910,4185150.0,5969,4950,1,-0.0179583,0.337831,50.1624,148.484,18159,5979,4906,3440,0.368981,18,47,6.66629,0.422289,136.671
530912,4185150.0,5969,4951,1,-0.030409,0.332703,51.1115,153.625,18159,5979,4906,3440,0.349851,14,54,11.679,0.415879,139.451
530916,4185150.0,5969,4952,1,-0.0280534,0.327648,52.0627,158.898,18159,5979,4906,3440,0.307605,11,60,11.1441,0.40956,140.36
530918,4185150.0,5969,4953,1,-0.0242455,0.317964,52.7127,165.782,18159,5979,4906,3440,0.272513,7,67,10.0487,0.397455,143.903
530922,4185150.0,5969,4954,1,-0.0111251,0.307185,53.3912,173.808,18159,5979,4906,3440,0.256222,6,71,4.83406,0.383981,147.528
530940,4185150.0,5969,4960,3,-5.19701e-06,0.315278,76.1823,241.635,18159,6014,4898,3443,0.276534,11,97,0.00313945,0.394098,231.923
529808,4185150.0,5970,4583,1,-0.000878994,0.233999,2.56451,10.9595,18159,5973,4585,3491,0.23563,0,4,0.0240834,0.292498,10.9944
529980,4185150.0,5970,4640,1,-0.0257271,0.541898,32.5499,60.0666,18159,5989,4635,3488,0.29679,19,6,3.86335,0.677372,57.3738
529982,4185150.0,5970,4641,1,-0.00875543,0.616592,51.6938,83.838,18159,5998,4643,3488,0.317919,22,7,1.83509,0.770739,82.6327
529986,4185150.0,5970,4642,1,-0.0120921,0.458845,49.4053,107.673,18159,5979,4672,3483,0.329043,28,18,3.25498,0.573557,95.0437
529988,4185150.0,5970,4643,1,-0.00757693,0.537225,43.5573,81.0782,18159,5975,4668,3482,0.333188,15,18,1.53581,0.671532,77.907
530888,4185150.0,5970,4943,1,-0.000974055,0.408454,45.7594,112.031,18159,5974,4906,3440,0.32464,18,24,0.27281,0.510568,113.029
530892,4185150.0,5970,4944,1,-0.00554277,0.390728,45.5708,116.631,18159,5976,4906,3440,0.333916,17,28,1.61614,0.48841,117.134
530894,4185150.0,5970,4945,1,-0.000935499,0.37319,45.9843,123.219,18159,5977,4906,3440,0.345645,30,21,0.288179,0.466488,120.178
530898,4185150.0,5970,4946,1,-0.000930664,0.352437,46.1915,131.063,18159,5978,4906,3440,0.357503,25,32,0.304939,0.440546,123.568
530936,4185150.0,5970,4959,3,-0.00957,0.316624,75.075,237.11,18159,6014,4898,3443,0.281386,12,94,5.67287,0.395781,227.733
530940,4185150.0,5970,4960,3,-0.0105876,0.31407,75.6822,240.972,18159,6014,4898,3443,0.284182,9,96,6.37828,0.392587,229.675
529808,4185150.0,5971,4583,1,-0.000324463,0.22919,2.2256,9.71072,18159,5974,4585,3491,0.231957,0,4,0.00787693,0.286488,12.0391
529982,4185150.0,5971,4641,1,-0.0111823,0.616243,44.0741,71.5208,18159,5995,4640,3488,0.307506,22,4,1.99943,0.770303,70.546
530934,4185150.0,5971,4958,3,-0.00375396,0.318711,74.0311,232.283,18159,6013,4898,3443,0.283562,12,93,2.17995,0.398389,220.097
530936,4185150.0,5971,4959,3,-0.00388413,0.31449,74.3704,236.479,18159,6014,4898,3443,0.304008,9,94,2.29629,0.393113,225.642
530882,4185160.0,5972,4941,1,-0.00814766,0.37929,41.6755,109.878,18159,5977,4906,3440,0.303456,29,16,2.23812,0.474112,107.411
530930,4185160.0,5972,4957,3,-0.0128966,0.321227,72.8837,226.892,18159,6013,4898,3443,0.277159,9,90,7.31531,0.401534,216.309
529986,4185160.0,5973,4642,1,-0.00089525,0.640998,46.6485,72.7748,18159,5997,4642,3488,0.241787,22,3,0.162879,0.801247,71.9102
529988,4185160.0,5973,4643,1,-0.00954722,0.60293,52.7206,87.4407,18159,6000,4644,3488,0.225152,35,2,2.08704,0.753662,80.8645
530880,4185160.0,5973,4940,1,-0.01375,0.360262,39.7201,110.253,18159,5978,4906,3440,0.314197,22,24,3.78997,0.450327,104.421
530882,4185160.0,5973,4941,1,-0.00470203,0.338751,39.7845,117.445,18159,5979,4906,3440,0.306172,18,32,1.38057,0.423439,107.944
530928,4185160.0,5973,4956,3,-0.0213551,0.323926,71.7384,221.465,18159,6013,4898,3443,0.304682,9,88,11.8235,0.404907,212.603
530930,4185160.0,5973,4957,3,-0.0145862,0.318088,72.0202,226.416,18159,6014,4898,3443,0.288615,12,89,8.25636,0.39761,217.629
529760,4185160.0,5974,4567,1,-0.0226394,0.279031,67.5107,241.947,18159,6047,4589,3501,0.195503,27,73,13.6938,0.348789,229.712
529986,4185160.0,5974,4642,1,-0.0179273,0.67034,41.6046,62.0649,18159,5995,4640,3488,0.244443,22,0,2.78164,0.837925,61.6876
529992,4185160.0,5974,4644,1,-0.0488554,0.594468,104.907,176.472,18159,6021,4679,3367,0.274678,74,7,21.554,0.743085,175.187
530876,4185160.0,5974,4939,1,-0.0156003,0.345657,37.7151,109.112,18159,5979,4906,3440,0.326566,17,30,4.25544,0.432071,101.659
530880,4185160.0,5974,4940,1,-0.00809122,0.335315,38.5453,114.953,18159,5979,4906,3440,0.318138,13,37,2.32527,0.419143,104.477
530924,4185160.0,5974,4955,3,-0.00990311,0.324881,70.3196,216.447,18159,6013,4898,3443,0.34327,12,83,5.35876,0.406101,208.695
530928,4185160.0,5974,4956,3,-0.0185121,0.320669,70.9239,221.175,18159,6013,4898,3443,0.324841,11,87,10.236,0.400836,210.096
529764,4185160.0,5975,4568,1,-0.00697883,0.28959,66.5988,229.976,18159,6047,4589,3501,0.215398,27,65,4.01241,0.361988,223.693
529988,4185160.0,5975,4643,1,-0.0384124,0.687655,51.4898,74.8774,18159,6000,4644,3488,0.287077,24,3,7.19054,0.859569,73.5752
530874,4185160.0,5975,4938,1,-0.00541308,0.338331,36.2981,107.286,18159,5979,4906,3440,0.335977,18,31,1.45187,0.422914,98.1489
530876,4185160.0,5975,4939,1,-0.00951223,0.331466,37.1697,112.137,18159,5979,4906,3440,0.332102,11,37,2.66669,0.414333,101.072
530880,4185160.0,5975,4940,1,-0.00520156,0.326518,37.9626,116.265,18159,5979,4906,3440,0.32707,8,43,1.5119,0.408148,104.032
530922,4185160.0,5975,4954,3,-0.000767737,0.324837,68.671,211.402,18159,6013,4898,3443,0.375551,13,80,0.405752,0.406046,204.786
530924,4185160.0,5975,4955,3,-0.0108837,0.321587,69.4735,216.033,18159,6013,4898,3443,0.36234,9,85,5.87809,0.401984,206.328
529764,4185170.0,5976,4568,1,-0.0105694,0.26493,67.5009,254.788,18159,6048,4589,3501,0.201304,25,79,6.73238,0.331162,225.95
529766,4185170.0,5976,4569,1,-0.00115287,0.300311,67.7498,225.599,18159,6047,4590,3501,0.187586,21,72,0.650219,0.375388,220.956
529818,4185170.0,5976,4586,1,-0.00967685,0.273364,1.27455,4.66247,18159,5978,4586,3495,0.185331,0,1,0.112795,0.341705,4.66021
530876,4185170.0,5976,4939,1,-0.00232642,0.323659,36.5829,113.029,18159,5979,4906,3440,0.331638,7,42,0.657381,0.404574,98.1642
530880,4185170.0,5976,4940,1,-0.00112465,0.316907,37.3743,117.935,18159,5979,4906,3440,0.332801,6,46,0.331589,0.396133,101.413
529766,4185170.0,5977,4569,1,-0.0295961,0.270824,65.4142,241.538,18159,6047,4589,3501,0.189852,31,70,17.8715,0.338529,218.317
530868,4185170.0,5977,4936,1,-0.00710785,0.330769,33.6111,101.615,18159,5979,4906,3440,0.338346,9,34,1.80566,0.413462,91.6152
530870,4185170.0,5977,4937,1,-0.004608,0.326743,34.4431,105.413,18159,5979,4906,3440,0.322745,9,37,1.21436,0.408429,94.6076
529766,4185170.0,5978,4569,1,-0.0416748,0.267452,66.299,247.891,18159,6048,4589,3501,0.212792,23,78,25.827,0.334315,219.378
529770,4185170.0,5978,4570,1,-0.0237806,0.28391,64.45,227.008,18159,6047,4589,3501,0.228159,27,70,13.496,0.354888,215.66
530868,4185170.0,5978,4936,1,-0.0047818,0.322157,32.9758,102.359,18159,5979,4906,3440,0.358015,7,37,1.22366,0.402696,88.7343
530870,4185170.0,5978,4937,1,-0.0229838,0.317582,33.9455,106.887,18159,5979,4906,3440,0.341107,6,41,6.14168,0.396978,91.9486
530874,4185170.0,5978,4938,1,-0.0118783,0.309659,34.7345,112.17,18159,5979,4906,3440,0.309483,5,45,3.33098,0.387074,95.3431
530916,4185170.0,5978,4952,3,-0.00114302,0.321907,65.0557,202.095,18159,6013,4898,3443,0.297523,8,80,0.577498,0.402384,194.357
529770,4185180.0,5979,4570,1,-0.0162977,0.270652,63.841,235.878,18159,6047,4589,3501,0.236767,29,69,9.61071,0.338315,211.591
530516,4185180.0,5979,4819,1,-0.0141208,0.330922,11.8226,35.7263,18159,5967,4818,3446,0.215298,4,10,1.26121,0.413653,34.7167
530868,4185180.0,5979,4936,1,-0.00134499,0.311681,32.4023,103.96,18159,5979,4906,3440,0.38001,4,41,0.349562,0.389602,89.0209
530870,4185180.0,5979,4937,1,-0.0283046,0.304963,33.4462,109.673,18159,5979,4906,3440,0.368609,5,43,7.76063,0.381204,92.5141
530910,4185180.0,5979,4950,3,-0.0109352,0.327528,63.321,193.33,18159,6013,4898,3443,0.286841,13,72,5.28524,0.409411,188.323
530912,4185180.0,5979,4951,3,-0.00379687,0.322999,63.8876,197.795,18159,6013,4898,3443,0.281214,8,78,1.8775,0.403749,190.236
529772,4185180.0,5980,4571,1,-0.00108809,0.279799,62.8122,224.491,18159,6047,4589,3501,0.215797,28,64,0.610666,0.349749,208.653
530514,4185180.0,5980,4818,1,-0.0349498,0.559449,70.3395,125.73,18159,5999,4781,3468,0.218601,36,19,10.9856,0.699311,126.8
530520,4185180.0,5980,4820,1,-0.0131655,0.332849,11.9557,35.9192,18159,5968,4819,3446,0.260875,4,10,1.18224,0.416061,34.7825
530522,4185180.0,5980,4821,1,-0.00549623,0.347691,11.2716,32.4185,18159,5969,4820,3446,0.289686,2,9,0.44545,0.434613,31.6103
530858,4185180.0,5980,4933,1,-0.00210451,0.321432,29.2491,90.9962,18159,5979,4906,3440,0.329403,8,31,0.478756,0.401789,79.5669
530906,4185180.0,5980,4949,3,-0.0276895,0.327851,62.0513,189.267,18159,6013,4898,3443,0.330944,10,73,13.1018,0.409814,184.157
530910,4185180.0,5980,4950,3,-0.0222615,0.3241,62.7039,193.471,18159,6013,4898,3443,0.299354,9,75,10.7674,0.405125,186.125
529772,4185180.0,5981,4571,1,-0.00461035,0.271748,62.2687,229.141,18159,6047,4589,3501,0.219771,29,66,2.64105,0.339685,205.014
530516,4185180.0,5981,4819,1,-0.0274111,0.557164,71.1746,127.744,18159,5999,4781,3468,0.253427,35,20,8.75404,0.696455,127.516
530520,4185180.0,5981,4820,1,-0.0359547,0.535091,73.2874,136.962,18159,5998,4780,3468,0.264659,36,24,12.3111,0.668864,132.107
530522,4185180.0,5981,4821,1,-0.0439373,0.333514,13.1853,39.5344,18159,5968,4819,3446,0.251258,6,10,4.34259,0.416892,38.0606
530526,4185180.0,5981,4822,1,-0.0270977,0.332781,10.9566,32.9245,18159,5970,4821,3446,0.246516,1,12,2.23045,0.415976,31.812
530856,4185180.0,5981,4932,1,-0.00891564,0.318816,27.9269,87.5957,18159,5979,4906,3440,0.334832,6,31,1.95243,0.39852,76.7829
530858,4185180.0,5981,4933,1,-0.00794594,0.311662,28.6906,92.057,18159,5979,4906,3440,0.330465,6,34,1.8287,0.389577,79.987
530862,4185180.0,5981,4934,1,-0.00627727,0.30231,29.4863,97.5364,18159,5979,4906,3440,0.326175,6,37,1.53065,0.377888,83.4183
530904,4185180.0,5981,4948,3,-0.0218148,0.326796,60.5167,185.182,18159,6013,4898,3443,0.394334,9,72,10.0992,0.408495,179.99
530906,4185180.0,5981,4949,3,-0.0231295,0.324161,61.3192,189.163,18159,6013,4898,3443,0.363057,9,73,10.9381,0.405201,182.011
530520,4185190.0,5982,4820,1,-0.0489815,0.560685,70.9741,126.585,18159,6000,4782,3468,0.253704,43,12,15.5008,0.700856,128.128
530522,4185190.0,5982,4821,1,-0.0420631,0.541789,72.9836,134.708,18159,5999,4781,3468,0.22019,38,20,14.1656,0.677236,131.828
530526,4185190.0,5982,4822,1,-0.0182585,0.314279,13.8871,44.1873,18159,5968,4819,3446,0.212356,8,10,2.01699,0.392849,41.7686
530528,4185190.0,5982,4823,1,-0.0119161,0.321959,11.82,36.7127,18159,5970,4821,3446,0.219581,3,12,1.09368,0.402449,35.1438
530852,4185190.0,5982,4931,1,-0.00222163,0.313994,26.4389,84.2019,18159,5979,4906,3440,0.349975,8,27,0.467663,0.392493,74.1381
530856,4185190.0,5982,4932,1,-0.00679276,0.307755,27.2765,88.6304,18159,5979,4906,3440,0.343046,5,33,1.50511,0.384694,77.3275
530858,4185190.0,5982,4933,1,-0.00488574,0.297945,28.0665,94.2002,18159,5979,4906,3440,0.336713,5,36,1.1506,0.372432,80.7806
530862,4185190.0,5982,4934,1,-0.000599976,0.288064,28.8169,100.037,18159,5979,4906,3440,0.332679,6,38,0.150049,0.36008,84.2247
530522,4185190.0,5983,4821,1,-0.0353105,0.560536,71.7292,127.965,18159,6000,4782,3468,0.227982,47,8,11.2963,0.70067,129.3
530526,4185190.0,5983,4822,1,-0.00921454,0.546359,72.3362,132.397,18159,6000,4782,3468,0.210843,50,8,3.04994,0.682949,132.268
530528,4185190.0,5983,4823,1,-0.0106485,0.679123,148.869,219.208,18159,5950,4758,3485,0.238335,78,19,5.83563,0.848904,220.511
530532,4185190.0,5983,4824,1,-0.0106331,0.315642,12.8638,40.7543,18159,5970,4821,3446,0.247677,5,10,1.08336,0.394552,38.6021
530534,4185190.0,5983,4825,1,-0.0120319,0.351068,10.3242,29.4081,18159,5973,4824,3446,0.260467,7,5,0.884584,0.438835,28.8344
530762,4185190.0,5983,4901,1,-0.0167802,0.221825,10.9027,49.1502,18159,5967,4902,3440,0.118431,3,15,2.06188,0.277281,48.4468
530852,4185190.0,5983,4931,1,-0.00540607,0.302701,25.8156,85.2842,18159,5979,4906,3440,0.348031,4,32,1.15263,0.378376,74.8234
530856,4185190.0,5983,4932,1,-0.00355308,0.293395,26.6363,90.7867,18159,5979,4906,3440,0.340455,5,34,0.806431,0.366743,78.2506
530526,4185190.0,5984,4822,1,-0.0192246,0.558853,72.6107,129.928,18159,6000,4782,3468,0.251514,43,12,6.24454,0.698567,130.331
530528,4185190.0,5984,4823,1,-0.0110235,0.549753,73.2761,133.289,18159,6000,4782,3468,0.262461,46,10,3.67327,0.687191,133.351
530532,4185190.0,5984,4824,1,-0.0197709,0.520638,75.3466,144.72,18159,5999,4781,3468,0.265856,40,23,7.15308,0.650797,137.93
530534,4185190.0,5984,4825,1,-0.0242437,0.315417,14.025,44.4649,18159,5970,4821,3446,0.270806,8,9,2.69499,0.394271,42.0346
530538,4185190.0,5984,4826,1,-0.0177783,0.353423,11.4248,32.3262,18159,5973,4824,3446,0.274871,7,5,1.43676,0.441778,31.8404
530760,4185190.0,5984,4900,1,-0.0184722,0.438528,59.7144,136.17,18159,6001,4860,3444,0.119381,19,39,6.28841,0.54816,131.04
530766,4185190.0,5984,4902,1,-0.0134394,0.206982,7.98511,38.5787,18159,5971,4902,3440,0.108493,0,14,1.29618,0.258728,37.5008
530850,4185190.0,5984,4930,1,-0.00194908,0.296852,24.3825,82.1368,18159,5979,4906,3440,0.343654,5,31,0.400227,0.371065,72.5018
530852,4185190.0,5984,4931,1,-0.00391519,0.288348,25.2171,87.4539,18159,5979,4906,3440,0.342171,5,32,0.855998,0.360434,75.8637
529772,4185200.0,5985,4571,1,-0.00456019,0.271815,61.2383,225.294,18159,6048,4589,3501,0.194096,23,69,2.56846,0.339768,197.669
530532,4185200.0,5985,4824,1,-0.0401791,0.563528,71.4617,126.811,18159,6001,4785,3468,0.291408,38,16,12.7379,0.70441,128.375
530534,4185200.0,5985,4825,1,-0.0433344,0.53044,75.2828,141.925,18159,6000,4782,3468,0.26607,53,8,15.3756,0.66305,138.314
530538,4185200.0,5985,4826,1,-0.0281505,0.318567,14.1135,44.303,18159,5971,4822,3446,0.254583,12,5,3.11788,0.398208,42.0745
530540,4185200.0,5985,4827,1,-0.0167541,0.354125,11.4837,32.4282,18159,5974,4825,3446,0.263877,4,8,1.35826,0.442657,31.8934
530762,4185200.0,5985,4901,1,-0.0172865,0.443138,58.149,131.221,18159,6003,4862,3444,0.108718,26,32,5.67089,0.553922,130.823
530768,4185200.0,5985,4903,1,-0.00777999,0.180621,6.31573,34.9668,18159,5974,4903,3440,0.105361,0,12,0.680104,0.225776,32.3756
529772,4185200.0,5986,4571,1,-0.00829385,0.272275,60.6441,222.731,18159,6048,4589,3501,0.206958,22,69,4.61824,0.340344,194.707
530534,4185200.0,5986,4825,1,-0.0547994,0.565619,72.6776,128.492,18159,6001,4785,3468,0.265935,39,15,17.6033,0.707023,129.856
530538,4185200.0,5986,4826,1,-0.043003,0.531877,74.3653,139.817,18159,6001,4784,3468,0.235934,45,15,15.0313,0.664847,134.439
530540,4185200.0,5986,4827,1,-0.0207505,0.314976,14.1582,44.9502,18159,5972,4823,3446,0.242727,16,3,2.33184,0.393719,42.6852
530544,4185200.0,5986,4828,1,-0.0245819,0.335711,11.0293,32.8537,18159,5975,4826,3446,0.268359,5,7,2.01901,0.419639,32.1389
530766,4185200.0,5986,4902,1,-0.0210526,0.454262,53.38,117.509,18159,6005,4868,3443,0.101775,25,27,6.18469,0.567828,118.753
530772,4185200.0,5986,4904,1,-0.00518404,0.183401,6.83221,37.2528,18159,5974,4903,3440,0.118671,0,14,0.4828,0.229252,37.1246
529772,4185200.0,5987,4571,1,-0.00365582,0.27268,59.9789,219.961,18159,6048,4589,3501,0.219303,23,67,2.01034,0.340849,191.792
530538,4185200.0,5987,4826,1,-0.0371701,0.566506,73.5412,129.815,18159,6001,4785,3468,0.251978,44,10,12.0631,0.708133,131.536
530540,4185200.0,5987,4827,1,-0.0162745,0.555355,74.0857,133.402,18159,6001,4785,3468,0.250913,45,10,5.42766,0.694194,134.411
530544,4185200.0,5987,4828,1,-0.0181407,0.29525,18.7716,63.5785,18159,5969,4820,3446,0.273188,14,13,2.88339,0.369063,59.8684
530546,4185200.0,5987,4829,1,-0.0495058,0.338654,12.3453,36.4542,18159,5975,4826,3446,0.274492,7,7,4.51173,0.423317,35.3861
530768,4185200.0,5987,4903,1,-0.01553,0.451203,50.4626,111.84,18159,6007,4872,3443,0.101007,22,28,4.3422,0.564004,110.304
530778,4185200.0,5987,4906,1,-0.0212713,0.17725,4.39572,24.7996,18159,5979,4904,3440,0.137699,0,11,1.3188,0.221562,23.7171
530838,4185200.0,5987,4926,1,-0.00808106,0.283676,19.8437,69.952,18159,5979,4906,3440,0.279037,5,24,1.41322,0.354595,63.7578
530840,4185200.0,5987,4927,1,-0.00365026,0.274936,20.5962,74.9128,18159,5979,4906,3440,0.270118,5,27,0.683627,0.34367,66.8739
530886,4185200.0,5987,4942,3,-0.0064495,0.31923,51.9851,162.845,18159,6013,4898,3443,0.286083,9,60,2.62568,0.399037,153.975
530888,4185200.0,5987,4943,3,-0.00366005,0.316146,52.5371,166.18,18159,6014,4898,3443,0.276156,11,62,1.52056,0.395183,159.495
529772,4185200.0,5988,4571,1,-0.00592458,0.273125,59.29,217.08,18159,6048,4589,3501,0.223117,23,66,3.21527,0.341407,188.901
530540,4185200.0,5988,4827,1,-0.0111393,0.563951,74.2909,131.733,18159,6001,4785,3468,0.290231,43,11,3.66854,0.704938,133.321
530544,4185200.0,5988,4828,1,-0.0108355,0.556134,75.1637,135.154,18159,6001,4785,3468,0.298882,43,12,3.66116,0.695167,136.241
530546,4185200.0,5988,4829,1,-0.0352123,0.535663,76.04,141.955,18159,6001,4785,3468,0.283094,46,14,12.4964,0.669579,139.313
530550,4185200.0,5988,4830,1,-0.0467944,0.350561,12.8664,36.7022,18159,5976,4827,3446,0.276911,9,5,4.29365,0.438202,35.5857
530552,4185200.0,5988,4831,1,-0.0268017,0.371468,9.56239,25.7422,18159,5979,4830,3445,0.312079,3,6,1.72483,0.464335,25.6111
530774,4185200.0,5988,4905,1,-0.0183547,0.455245,47.2189,103.722,18159,6007,4876,3443,0.140359,19,28,4.75948,0.569056,105.907
530780,4185200.0,5988,4907,1,-0.00934012,0.175645,7.54111,42.9338,18159,5975,4903,3440,0.13428,0,16,1.00252,0.219556,39.2493
530834,4185200.0,5988,4925,1,-0.00621973,0.274477,18.7429,68.2857,18159,5979,4906,3440,0.269288,5,24,1.0618,0.343096,62.4306
530838,4185200.0,5988,4926,1,-0.0120724,0.267364,19.4791,72.8561,18159,5979,4906,3440,0.27247,4,26,2.19887,0.334205,65.3881
530840,4185200.0,5988,4927,1,-0.000550663,0.256334,20.1616,78.6534,18159,5979,4906,3440,0.274836,3,30,0.108279,0.320418,68.5616
530886,4185200.0,5988,4942,3,-0.000649047,0.316022,51.4067,162.668,18159,6014,4898,3443,0.282474,9,60,0.263948,0.395027,155.17
529772,4185210.0,5989,4571,1,-0.0127378,0.273985,58.6454,214.046,18159,6048,4589,3501,0.221222,23,65,6.81619,0.342481,186.041
530544,4185210.0,5989,4828,1,-0.0113627,0.561805,75.4644,134.325,18159,6001,4785,3468,0.324999,39,15,3.81573,0.702256,135.056
530546,4185210.0,5989,4829,1,-0.0157146,0.554117,76.3474,137.782,18159,6001,4785,3468,0.311579,42,15,5.41299,0.692646,138.168
530550,4185210.0,5989,4830,1,-0.0248981,0.540852,77.1637,142.671,18159,6001,4785,3468,0.294194,51,9,8.88057,0.676065,141.257
530552,4185210.0,5989,4831,1,-0.0370473,0.351614,12.8312,36.4923,18159,5977,4828,3446,0.312896,8,6,3.37985,0.439517,35.4581
530556,4185210.0,5989,4832,1,-0.0356951,0.383006,9.92679,25.9181,18159,5980,4831,3445,0.341144,3,6,2.31287,0.478758,25.6755
530778,4185210.0,5989,4906,1,-0.0129341,0.454127,47.1762,103.883,18159,6008,4877,3443,0.143076,17,30,3.35908,0.567658,105.755
530780,4185210.0,5989,4907,1,-0.00776391,0.444292,47.568,107.065,18159,6008,4877,3443,0.144353,16,32,2.0781,0.555365,108.594
530832,4185210.0,5989,4924,1,-0.0097565,0.266808,17.7743,66.6182,18159,5979,4906,3440,0.247928,4,25,1.6249,0.33351,61.3122
530834,4185210.0,5989,4925,1,-0.0044974,0.258595,18.441,71.3123,18159,5979,4906,3440,0.250573,3,27,0.8018,0.323243,64.225
530880,4185210.0,5989,4940,3,-0.0107113,0.317956,49.6021,156.003,18159,6014,4898,3443,0.279171,9,57,4.1775,0.397445,148.424
530882,4185210.0,5989,4941,3,-0.00451952,0.316154,50.2939,159.08,18159,6014,4898,3443,0.274146,9,58,1.79742,0.395192,150.495
529772,4185210.0,5990,4571,1,-0.0148124,0.275402,58.0185,210.668,18159,6048,4589,3501,0.219608,23,64,7.80123,0.344253,183.247
530550,4185210.0,5990,4830,1,-0.0274473,0.562647,74.0856,131.673,18159,6002,4788,3468,0.316095,41,14,9.03521,0.703308,132.876
530552,4185210.0,5990,4831,1,-0.0442537,0.541912,78.5005,144.858,18159,6001,4785,3468,0.309399,44,16,16.0263,0.677389,143.308
530556,4185210.0,5990,4832,1,-0.0536731,0.352245,12.8613,36.5124,18159,5978,4829,3446,0.308442,7,7,4.89934,0.440306,35.3982
530558,4185210.0,5990,4833,1,-0.0431062,0.392715,10.2016,25.9771,18159,5981,4832,3445,0.311529,3,6,2.79944,0.490894,25.741
530780,4185210.0,5990,4907,1,-0.00712006,0.447836,47.0093,104.97,18159,6009,4878,3443,0.173914,24,23,1.86848,0.559795,102.739
530784,4185210.0,5990,4908,1,-0.00385682,0.437537,48.2006,110.164,18159,6008,4877,3443,0.192436,22,26,1.0622,0.546921,108.188
530828,4185210.0,5990,4923,1,-0.00704452,0.257779,16.8547,65.3845,18159,5979,4906,3440,0.227997,2,25,1.15151,0.322223,60.5155
530832,4185210.0,5990,4924,1,-0.0160973,0.245833,17.5343,71.3261,18159,5979,4906,3440,0.221464,0,30,2.8704,0.307291,63.6824
530834,4185210.0,5990,4925,1,-0.0015304,0.219837,18.5529,84.394,18159,5979,4904,3440,0.231956,0,35,0.322891,0.274797,69.176
530876,4185210.0,5990,4939,3,-0.0111295,0.317837,48.4388,152.401,18159,6014,4898,3443,0.294279,9,55,4.24039,0.397297,143.747
530880,4185210.0,5990,4940,3,-0.0124702,0.316624,49.2507,155.55,18159,6014,4898,3443,0.283797,6,61,4.84933,0.39578,145.973
530552,4185210.0,5991,4831,1,-0.0288639,0.567662,72.9984,128.595,18159,6003,4790,3467,0.324621,40,14,9.27936,0.709578,130.025
530556,4185210.0,5991,4832,1,-0.0466199,0.551065,76.3176,138.491,18159,6002,4788,3468,0.29901,43,15,16.1411,0.688831,137.884
530558,4185210.0,5991,4833,1,-0.044625,0.357012,13.0901,36.6657,18159,5979,4830,3445,0.282958,7,7,4.09052,0.446266,35.5217
530562,4185210.0,5991,4834,1,-0.0272901,0.389631,10.092,25.9014,18159,5982,4833,3445,0.294867,6,3,1.76713,0.487039,25.7023
530784,4185210.0,5991,4908,1,-0.0143019,0.452731,44.3463,97.9529,18159,6009,4881,3443,0.215692,14,30,3.50228,0.565914,99.3508
530786,4185210.0,5991,4909,1,-0.0125693,0.434453,44.9702,103.51,18159,6009,4881,3443,0.231146,14,31,3.25261,0.543066,99.8044
530826,4185210.0,5991,4922,1,-0.0172939,0.246845,16.4166,66.5059,18159,5979,4905,3440,0.210516,0,28,2.87537,0.308556,60.4917
530828,4185210.0,5991,4923,1,-0.0177892,0.224466,16.9979,75.726,18159,5979,4905,3440,0.202599,0,31,3.36777,0.280582,64.5597
530832,4185210.0,5991,4924,1,-0.00851316,0.382982,52.7715,137.791,18159,6010,4884,3443,0.200275,31,29,2.93259,0.478727,134.378
530874,4185210.0,5991,4938,3,-0.00259329,0.317453,47.2593,148.87,18159,6014,4898,3443,0.291736,7,57,0.965159,0.396816,139.261
530876,4185210.0,5991,4939,3,-0.00573289,0.315823,48.0222,152.054,18159,6014,4898,3443,0.291102,6,59,2.17928,0.394779,141.638
530556,4185220.0,5992,4832,1,-0.0376632,0.566561,74.1776,130.926,18159,6003,4790,3467,0.332561,37,15,12.3277,0.708201,131.751
530558,4185220.0,5992,4833,1,-0.0476533,0.554994,75.1051,135.326,18159,6003,4790,3467,0.290726,43,14,16.1218,0.693743,134.983
530562,4185220.0,5992,4834,1,-0.0430993,0.35735,13.1793,36.8805,18159,5980,4831,3445,0.274168,7,7,3.97381,0.446687,35.6896
530564,4185220.0,5992,4835,1,-0.0399813,0.398752,10.3369,25.923,18159,5983,4834,3445,0.280668,7,2,2.59109,0.498439,25.6638
530786,4185220.0,5992,4909,1,-0.0257526,0.449612,44.2953,98.519,18159,6010,4882,3443,0.250176,22,22,6.34279,0.562014,96.009
530790,4185220.0,5992,4910,1,-0.0211417,0.442421,45.9312,103.818,18159,6009,4881,3443,0.251893,23,22,5.4872,0.553027,101.411
530792,4185220.0,5992,4911,1,-0.00849116,0.434674,46.618,107.248,18159,6009,4881,3443,0.271676,14,34,2.27665,0.543343,105.211
530796,4185220.0,5992,4912,1,-0.00132698,0.423086,49.8044,117.717,18159,6009,4879,3443,0.287637,24,29,0.390521,0.528858,110.057
530798,4185220.0,5992,4913,1,-0.00439999,0.414159,52.4102,126.546,18159,6008,4877,3443,0.302455,14,43,1.392,0.517698,119.698
530802,4185220.0,5992,4914,1,-0.00257963,0.402458,53.6862,133.396,18159,6007,4876,3443,0.313991,17,43,0.86028,0.503073,124.504
530804,4185220.0,5992,4915,1,-0.00480235,0.205858,14.2182,69.0679,18159,5975,4903,3440,0.306513,0,28,0.82922,0.257322,60.3541
530822,4185220.0,5992,4921,1,-0.00834721,0.216291,15.7792,72.9537,18159,5979,4904,3440,0.19946,0,29,1.5224,0.270363,63.4268
530826,4185220.0,5992,4922,1,-0.0182055,0.38244,55.9899,146.402,18159,6009,4880,3443,0.197027,16,48,6.66329,0.47805,135.31
530828,4185220.0,5992,4923,1,-0.0200349,0.392232,48.8454,124.532,18159,6011,4887,3443,0.195949,27,27,6.23746,0.49029,122.024
530832,4185220.0,5992,4924,1,-0.000368881,0.384499,45.7648,119.024,18159,6011,4890,3443,0.19968,21,31,0.109765,0.480623,117.505
530870,4185220.0,5992,4937,3,-0.00160171,0.316644,46.0935,145.569,18159,6014,4898,3443,0.285883,6,56,0.582898,0.395805,133.936
530874,4185220.0,5992,4938,3,-0.00499948,0.315963,48.1013,152.237,18159,6014,4897,3443,0.282077,7,57,1.90277,0.394954,139.6
530558,4185220.0,5993,4833,1,-0.0389735,0.565699,75.4232,133.327,18159,6003,4790,3467,0.300544,35,17,12.9906,0.707124,133.743
530562,4185220.0,5993,4834,1,-0.0403114,0.552992,76.158,137.72,18159,6003,4790,3467,0.262379,40,15,13.8792,0.69124,136.877
530564,4185220.0,5993,4835,1,-0.0332579,0.351706,14.2081,40.3975,18159,5980,4831,3445,0.249198,9,7,3.35884,0.439633,38.9824
530568,4185220.0,5993,4836,1,-0.0345454,0.389782,10.1777,26.1113,18159,5984,4835,3445,0.251114,7,2,2.25506,0.487227,25.6534
530790,4185220.0,5993,4910,1,-0.026207,0.455774,42.8147,93.9384,18159,6010,4884,3443,0.278655,24,18,6.15461,0.569717,94.6466
530792,4185220.0,5993,4911,1,-0.0174271,0.450347,43.6796,96.9909,18159,6010,4884,3443,0.28544,25,18,4.22568,0.562934,97.229
530796,4185220.0,5993,4912,1,-0.0116541,0.444137,44.4711,100.129,18159,6010,4884,3443,0.302768,25,19,2.91728,0.555172,99.8998
530798,4185220.0,5993,4913,1,-0.0167017,0.439553,45.4191,103.33,18159,6010,4884,3443,0.303259,25,20,4.31447,0.549441,102.65
530802,4185220.0,5993,4914,1,-0.0275345,0.425673,49.5386,116.377,18159,6009,4881,3443,0.292075,24,26,8.01096,0.532091,110.877
530804,4185220.0,5993,4915,1,-0.0253682,0.416345,52.8051,126.83,18159,6009,4879,3443,0.265941,25,32,8.04364,0.520431,116.609
530808,4185220.0,5993,4916,1,-0.0234867,0.406242,55.1935,135.864,18159,6008,4877,3443,0.231339,23,36,7.97748,0.507802,126.268
530810,4185220.0,5993,4917,1,-0.0129635,0.401562,55.794,138.942,18159,6008,4877,3443,0.201368,16,46,4.50296,0.501953,129.594
530814,4185220.0,5993,4918,1,-0.00757693,0.396853,56.311,141.894,18159,6008,4877,3443,0.189157,23,38,2.6878,0.496066,131.921
530816,4185220.0,5993,4919,1,-0.00647549,0.395605,55.2205,139.585,18159,6009,4879,3443,0.189511,25,36,2.2597,0.494507,128.244
530820,4185220.0,5993,4920,1,-0.00962899,0.40536,50.1195,123.642,18159,6010,4884,3443,0.188124,27,25,2.97637,0.5067,120.347
530822,4185220.0,5993,4921,1,-0.00976568,0.397175,49.6147,124.919,18159,6011,4885,3443,0.186454,29,24,3.04979,0.496469,120.148
530826,4185220.0,5993,4922,1,-0.00908086,0.4087,46.746,114.377,18159,6011,4888,3443,0.194485,34,17,2.59661,0.510875,113.711
530828,4185220.0,5993,4923,1,-0.00455904,0.367494,37.6865,102.55,18159,6012,4896,3443,0.205906,12,33,1.16883,0.459367,99.3446
530870,4185220.0,5993,4937,3,-0.00134221,0.312568,46.9744,150.285,18159,6014,4897,3443,0.277164,14,50,0.504286,0.390711,136.761
529770,4185220.0,5994,4570,1,-0.00913815,0.356809,132.957,372.629,18159,6101,4597,3372,0.237231,51,106,8.51284,0.446011,329.967
530562,4185220.0,5994,4834,1,-0.0312647,0.562299,76.5019,136.052,18159,6003,4790,3467,0.268722,39,15,10.6341,0.702874,135.951
530564,4185220.0,5994,4835,1,-0.0181965,0.54961,77.1114,140.302,18159,6003,4790,3467,0.244769,40,17,6.38253,0.687012,139.036
530568,4185220.0,5994,4836,1,-0.0158033,0.339189,15.1534,44.6753,18159,5980,4831,3445,0.23973,11,7,1.76504,0.423986,42.7401
530570,4185220.0,5994,4837,1,-0.028223,0.383051,10.1152,26.407,18159,5985,4836,3445,0.250279,6,3,1.86321,0.478813,25.7191
530802,4185220.0,5994,4914,1,-0.0386484,0.433396,45.4334,104.831,18159,6011,4885,3443,0.271751,25,20,10.1289,0.541745,101.226
530804,4185220.0,5994,4915,1,-0.0273196,0.436711,47.224,108.136,18159,6010,4884,3443,0.235962,27,19,7.38555,0.545888,105.348
530808,4185220.0,5994,4916,1,-0.0192078,0.42993,47.7909,111.16,18159,6010,4884,3443,0.20601,28,19,5.33783,0.537413,108.059
530810,4185220.0,5994,4917,1,-0.0149051,0.416062,47.4248,113.985,18159,6011,4885,3443,0.182476,27,21,4.2474,0.520077,109.256
530814,4185220.0,5994,4918,1,-0.00720974,0.413393,47.8877,115.841,18159,6011,4885,3443,0.17502,29,20,2.08795,0.516741,111.093
530816,4185220.0,5994,4919,1,-0.00186302,0.412715,46.2195,111.989,18159,6011,4887,3443,0.178578,25,23,0.521594,0.515893,109.265
530820,4185220.0,5994,4920,1,-0.0107292,0.414148,45.5671,110.026,18159,6011,4888,3443,0.176866,30,18,2.95124,0.517685,108.769
530822,4185220.0,5994,4921,1,-0.0153626,0.417434,43.7732,104.863,18159,6011,4890,3443,0.170376,25,22,4.0274,0.521793,107.959
530826,4185220.0,5994,4922,1,-0.00274026,0.380959,35.8256,94.0406,18159,6012,4897,3443,0.182326,12,30,0.64424,0.476198,90.7242
530864,4185220.0,5994,4935,3,-0.000692922,0.320491,46.5379,145.208,18159,6014,4896,3443,0.246878,16,46,0.251545,0.400613,131.035
530868,4185220.0,5994,4936,3,-0.00260054,0.311827,48.2793,154.827,18159,6014,4895,3443,0.256667,28,40,1.00659,0.389784,136.381
530564,4185220.0,5995,4835,1,-0.0189028,0.559246,76.0184,135.93,18159,6004,4791,3467,0.261843,40,14,6.42366,0.699057,136.241
530568,4185220.0,5995,4836,1,-0.00919544,0.544901,78.0662,143.267,18159,6003,4790,3467,0.247111,45,14,3.2935,0.681126,141.356
530570,4185220.0,5995,4837,1,-0.0100333,0.321226,16.1645,50.3213,18159,5980,4831,3445,0.247611,12,8,1.26223,0.401533,47.6313
530574,4185220.0,5995,4838,1,-0.0191476,0.37135,9.9408,26.7693,18159,5986,4837,3445,0.26641,7,2,1.28142,0.464188,25.7495
530862,4185220.0,5995,4934,3,-0.00613078,0.308818,46.6109,150.933,18159,6014,4895,3443,0.243518,22,45,2.31334,0.386023,130.67
530864,4185220.0,5995,4935,3,-0.00743286,0.292526,49.4521,169.052,18159,6014,4893,3443,0.239038,19,57,3.14135,0.365658,138.893
530568,4185230.0,5996,4836,1,-0.0181301,0.555122,75.2924,135.632,18159,6005,4792,3467,0.261247,49,5,6.14755,0.693903,136.496
530570,4185230.0,5996,4837,1,-0.00172197,0.541091,77.64,143.488,18159,6004,4791,3467,0.259755,38,19,0.617704,0.676364,141.748
530574,4185230.0,5996,4838,1,-0.00875948,0.491442,85.7303,174.446,18159,6001,4785,3468,0.271167,61,14,3.82015,0.614302,161.227
530576,4185230.0,5996,4839,1,-0.0199832,0.366627,11.1049,30.2895,18159,5986,4837,3445,0.288015,9,2,1.5132,0.458284,29.0002
529770,4185230.0,5997,4570,1,-0.00351567,0.276865,53.2664,192.391,18159,6048,4589,3501,0.188481,23,58,1.69096,0.346081,163.86
530576,4185230.0,5997,4839,1,-0.0128237,0.502644,83.4752,166.072,18159,6002,4788,3468,0.305167,52,17,5.32415,0.628305,155.232
530580,4185230.0,5997,4840,1,-0.0330865,0.37184,11.2554,30.2695,18159,5987,4838,3445,0.288322,7,4,2.50378,0.4648,28.9798
529770,4185230.0,5998,4570,1,-0.0143317,0.282078,52.7361,186.956,18159,6048,4589,3501,0.189955,23,55,6.6985,0.352598,161.521
530574,4185230.0,5998,4838,1,-0.00194732,0.547308,77.5685,141.727,18159,6005,4792,3467,0.321903,40,18,0.689972,0.684135,141.028
530576,4185230.0,5998,4839,1,-0.0209741,0.534312,80.1324,149.973,18159,6004,4791,3467,0.308094,50,11,7.86387,0.66789,146.559
530580,4185230.0,5998,4840,1,-0.0372934,0.31222,21.9859,70.418,18159,5978,4829,3446,0.280015,19,11,6.56532,0.390275,66.5203
530582,4185230.0,5998,4841,1,-0.0314734,0.391466,10.3102,26.3375,18159,5989,4840,3445,0.255737,11,2,2.07233,0.489332,28.538
529770,4185240.0,5999,4570,1,-0.0197281,0.284496,52.1679,183.369,18159,6048,4589,3501,0.209631,23,54,9.04381,0.35562,158.829
530576,4185240.0,5999,4839,1,-0.020873,0.542281,76.9642,141.927,18159,6006,4793,3467,0.307625,38,18,7.40609,0.677851,141.299
530580,4185240.0,5999,4840,1,-0.0327347,0.529138,79.7494,150.716,18159,6005,4792,3467,0.266316,51,10,12.3341,0.661423,146.798
530582,4185240.0,5999,4841,1,-0.0158097,0.337364,15.2608,45.2355,18159,5985,4836,3445,0.244495,15,3,1.7879,0.421705,43.0196
530586,4185240.0,5999,4842,1,-0.00719651,0.381104,9.82932,25.7917,18159,5990,4842,3445,0.264964,4,4,0.464025,0.476381,25.501
529766,4185240.0,6000,4569,1,-0.0121346,0.372685,128.339,344.364,18159,6100,4602,3372,0.239359,63,83,10.4468,0.465856,314.408
530580,4185240.0,6000,4840,1,-0.0276118,0.537795,78.1879,145.386,18159,6006,4793,3467,0.258719,39,19,10.0359,0.672244,143.706
530582,4185240.0,6000,4841,1,-0.0270248,0.520666,82.5623,158.571,18159,6004,4791,3467,0.251822,53,12,10.7133,0.650832,151.946
530586,4185240.0,6000,4842,1,-0.019667,0.36293,11.9776,33.0024,18159,5989,4840,3445,0.25756,14,2,1.62265,0.453663,34.7908
530400,4185240.0,6001,4780,1,-0.00473001,0.586472,1.63274,2.784,18159,6000,4779,3471,0.356336,1,0,0.0329208,0.73309,2.78265
530582,4185240.0,6001,4841,1,-0.0266969,0.533556,79.3227,148.668,18159,6006,4793,3467,0.249584,36,22,9.92245,0.666945,146.217
530586,4185240.0,6001,4842,1,-0.0308929,0.507851,83.7171,164.846,18159,6004,4791,3467,0.256522,45,22,12.7314,0.634814,154.833
530588,4185240.0,6001,4843,1,-0.014625,0.359427,11.6277,32.3507,18159,5990,4842,3445,0.274934,6,5,1.18282,0.449284,31.59
530400,4185250.0,6002,4780,1,-0.00546868,0.508872,1.40411,2.75927,18159,6001,4779,3471,0.338797,0,1,0.0377238,0.63609,2.75679
530582,4185250.0,6002,4841,1,-0.0180814,0.552005,78.7626,142.685,18159,6007,4794,3467,0.266794,38,17,6.44984,0.690006,143.381
530586,4185250.0,6002,4842,1,-0.028585,0.5302,80.3772,151.598,18159,6006,4793,3467,0.261575,40,20,10.8336,0.662749,148.931
530588,4185250.0,6002,4843,1,-0.0235158,0.308902,22.647,73.3147,18159,5981,4832,3445,0.2722,23,8,4.31014,0.386127,70.1591
530592,4185250.0,6002,4844,1,-0.0183618,0.351362,11.395,32.431,18159,5991,4843,3445,0.290615,5,6,1.48873,0.439202,31.5789
530402,4185250.0,6003,4781,1,-0.00374767,0.527394,1.3259,2.51406,18159,6002,4780,3471,0.293261,0,1,0.0235547,0.659242,2.51134
530586,4185250.0,6003,4842,1,-0.00306098,0.549228,79.8061,145.306,18159,6007,4794,3467,0.286268,41,16,1.11195,0.686535,146.031
530588,4185250.0,6003,4843,1,-0.0256754,0.527765,81.5486,154.517,18159,6006,4793,3467,0.292498,39,23,9.9182,0.659707,151.724
530592,4185250.0,6003,4844,1,-0.0298831,0.347115,15.005,43.2278,18159,5989,4840,3445,0.284045,14,3,3.22945,0.433894,42.1508
530594,4185250.0,6003,4845,1,-0.011429,0.345474,11.1777,32.3547,18159,5992,4844,3445,0.279286,6,7,0.924458,0.431842,31.7096
529764,4185250.0,6004,4568,1,-0.00721975,0.281714,48.7552,173.066,18159,6048,4589,3501,0.189635,22,50,3.12374,0.352142,146.472
530400,4185250.0,6004,4780,1,-0.0593548,0.38276,1.55807,4.07063,18159,6003,4779,3475,0.358629,1,0,0.604028,0.47845,4.05792
530588,4185250.0,6004,4843,1,-0.0215099,0.546902,81.1837,148.443,18159,6007,4794,3467,0.320477,38,19,7.98247,0.683627,148.8
530592,4185250.0,6004,4844,1,-0.0383197,0.521229,82.8647,158.979,18159,6006,4793,3467,0.297597,40,24,15.2301,0.651536,154.59
530594,4185250.0,6004,4845,1,-0.017147,0.338995,13.2817,39.1798,18159,5991,4843,3445,0.293604,7,7,1.67954,0.423743,37.87
529760,4185260.0,6005,4567,1,-0.00671909,0.379092,124.997,329.729,18159,6100,4602,3372,0.217541,68,71,5.5387,0.473864,302.134
530592,4185260.0,6005,4844,1,-0.0315613,0.543118,82.5767,152.042,18159,6007,4794,3467,0.318413,38,23,11.9966,0.678898,151.637
530594,4185260.0,6005,4845,1,-0.0257972,0.498995,86.0966,172.54,18159,6005,4792,3467,0.307516,52,20,11.1276,0.623744,160.5
530598,4185260.0,6005,4846,1,-0.0123021,0.339703,13.1622,38.7463,18159,5992,4844,3445,0.317664,5,9,1.19165,0.424628,37.9294
530600,4185260.0,6005,4847,1,-0.00497984,0.358345,12.6415,35.2775,18159,5993,4845,3445,0.318339,7,6,0.43919,0.447931,34.8906
530406,4185260.0,6006,4782,1,-0.00175569,0.736929,1.59195,2.16025,18159,6005,4781,3471,0.398074,1,0,0.00948182,0.921161,2.15999
530594,4185260.0,6006,4845,1,-0.0378671,0.537147,83.9402,156.271,18159,6007,4794,3467,0.31282,39,24,14.7938,0.671433,154.538
530598,4185260.0,6006,4846,1,-0.0337485,0.332953,15.3422,46.0792,18159,5991,4843,3445,0.30765,12,7,3.88776,0.416191,44.508
530600,4185260.0,6006,4847,1,-0.0108709,0.34905,13.4773,38.6115,18159,5993,4845,3445,0.310811,6,8,1.04936,0.436312,38.1162
530408,4185260.0,6007,4783,1,-0.00262725,0.855073,1.82991,2.14006,18159,6006,4782,3471,0.376594,0,1,0.0140562,1.06884,6.34534
530598,4185260.0,6007,4846,1,-0.0347653,0.526318,85.2485,161.972,18159,6007,4794,3467,0.29721,45,18,14.0775,0.657897,157.501
530600,4185260.0,6007,4847,1,-0.0162088,0.335963,15.2092,45.2704,18159,5992,4844,3445,0.298154,6,11,1.83445,0.419954,44.2697
530598,4185260.0,6008,4846,1,-0.0221931,0.538198,85.8103,159.44,18159,6007,4794,3467,0.297024,37,23,8.84617,0.672748,157.521
530600,4185260.0,6008,4847,1,-0.0212981,0.478843,91.0742,190.196,18159,6004,4791,3467,0.300329,61,18,10.127,0.598554,169.886
530604,4185260.0,6008,4848,1,-0.0159919,0.344538,15.5631,45.171,18159,5993,4845,3445,0.31063,7,10,1.80593,0.430673,44.5108
530606,4185260.0,6008,4849,1,-0.00985126,0.349665,15.7092,44.9263,18159,5993,4846,3445,0.315216,7,10,1.10645,0.437082,44.4745
530600,4185270.0,6009,4847,1,-0.0135268,0.530435,87.0551,164.12,18159,6007,4794,3467,0.298707,37,27,5.55005,0.663043,160.596
530604,4185270.0,6009,4848,1,-0.0225749,0.327845,17.2811,52.7113,18159,5992,4844,3445,0.292564,11,11,2.97488,0.409806,51.172
530606,4185270.0,6009,4849,1,-0.0207018,0.347905,16.8242,48.3587,18159,5993,4845,3445,0.288327,8,11,2.50278,0.434881,47.7058
530610,4185270.0,6009,4850,1,-0.00804051,0.34564,15.6194,45.1896,18159,5994,4847,3445,0.283113,4,13,0.908369,0.43205,44.6631
530430,4185270.0,6010,4790,1,-0.0155161,0.76412,1.82637,2.39016,18159,6009,4789,3471,0.370368,0,1,0.092715,0.95515,2.38747
530604,4185270.0,6010,4848,1,-0.0139911,0.519477,88.2545,169.891,18159,6007,4794,3467,0.283861,42,26,5.9424,0.649346,163.724
530606,4185270.0,6010,4849,1,-0.0102829,0.333547,17.4585,52.342,18159,5993,4845,3445,0.27252,9,13,1.34557,0.416933,51.299
530610,4185270.0,6010,4850,1,-0.00989821,0.340757,17.617,51.6995,18159,5993,4846,3445,0.273401,7,13,1.27933,0.425946,51.0398
530612,4185270.0,6010,4851,1,-0.00965376,0.347249,15.6872,45.1758,18159,5995,4848,3445,0.273324,5,12,1.09029,0.434061,44.5876
530610,4185270.0,6011,4850,1,-0.00590887,0.335763,18.6007,55.3984,18159,5993,4845,3445,0.280435,8,14,0.818354,0.419703,54.3398
530612,4185270.0,6011,4851,1,-0.0147458,0.338506,17.5541,51.8577,18159,5994,4847,3445,0.285592,4,16,1.91171,0.423132,51.1847
530616,4185270.0,6011,4852,1,-0.0118498,0.35288,14.6749,41.5861,18159,5997,4850,3445,0.281027,7,8,1.23197,0.4411,41.0683
530432,4185280.0,6012,4791,1,-0.000463338,0.853835,1.82298,2.13505,18159,6011,4790,3471,0.395013,1,0,0.00247313,1.06729,6.35051
530436,4185280.0,6012,4792,1,-0.0436758,0.865903,1.84216,2.12745,18159,6011,4791,3471,0.345226,0,1,0.232295,1.08238,6.35775
530610,4185280.0,6012,4850,1,-0.00115856,0.31676,20.1382,63.5757,18159,5992,4844,3445,0.28212,13,14,0.18414,0.39595,61.5201
530612,4185280.0,6012,4851,1,-0.0138975,0.333661,19.5754,58.6685,18159,5993,4846,3445,0.282479,6,17,2.03837,0.417077,57.793
530616,4185280.0,6012,4852,1,-0.0239657,0.343593,17.6754,51.4429,18159,5995,4848,3445,0.27373,9,11,3.08217,0.429491,50.7851
530618,4185280.0,6012,4853,1,-0.0158701,0.356559,14.6606,41.1168,18159,5998,4851,3445,0.290338,10,5,1.63132,0.445699,40.8979
530810,4185280.0,6012,4917,3,-0.00943125,0.286311,29.827,104.177,18159,6014,4891,3443,0.250293,12,33,2.4563,0.357889,79.7524
529754,4185280.0,6013,4565,1,-0.00442869,0.301388,44.1735,146.567,18159,6048,4589,3501,0.0973205,23,37,1.62275,0.376735,127.154
530612,4185280.0,6013,4851,1,-0.0112468,0.32614,20.5397,62.9782,18159,5993,4845,3445,0.267142,9,16,1.77076,0.407675,61.5391
530616,4185280.0,6013,4852,1,-0.0126765,0.329819,19.3478,58.6619,18159,5994,4847,3445,0.259281,5,18,1.85908,0.412274,57.8241
530618,4185280.0,6013,4853,1,-0.00780742,0.345031,16.4837,47.7745,18159,5997,4850,3445,0.27199,10,8,0.932489,0.431289,47.2188
530622,4185280.0,6013,4854,1,-0.0109821,0.356285,15.7462,44.1956,18159,5998,4852,3445,0.293325,6,10,1.21341,0.445356,44.0454
530808,4185280.0,6013,4916,3,-0.0125439,0.326358,25.6024,78.4486,18159,6014,4894,3443,0.263934,14,20,2.46013,0.407948,65.69
530442,4185280.0,6014,4794,1,-0.019743,0.405741,4.57202,11.2683,18159,6011,4791,3471,0.382557,2,3,0.556176,0.507177,14.2324
530622,4185280.0,6014,4854,1,-0.0061002,0.34678,16.4983,47.5758,18159,5998,4851,3445,0.293885,8,10,0.725554,0.433475,47.1624
530624,4185280.0,6014,4855,1,-0.00752013,0.355088,16.8553,47.4679,18159,5998,4852,3445,0.311934,8,10,0.892411,0.443861,47.3138
530804,4185280.0,6014,4915,3,-0.0172971,0.331248,23.4548,70.8074,18159,6014,4895,3443,0.310878,15,16,3.0619,0.414061,61.3982
530442,4185280.0,6015,4794,1,-0.0167016,0.441776,3.0222,6.84103,18159,6013,4792,3471,0.344239,1,2,0.28564,0.55222,10.1571
530444,4185280.0,6015,4795,1,-0.0278524,0.387733,6.19542,15.9786,18159,6011,4791,3471,0.299505,4,3,1.1126,0.484666,18.0497
530624,4185280.0,6015,4855,1,-0.0140668,0.350374,17.7836,50.756,18159,5998,4852,3445,0.31923,6,13,1.78494,0.437967,50.4119
530628,4185280.0,6015,4856,1,-0.0164729,0.352518,16.8135,47.6955,18159,5999,4853,3445,0.319339,7,11,1.9642,0.440648,47.5242
530804,4185280.0,6015,4915,3,-0.0180664,0.303548,24.7635,81.5801,18159,6014,4893,3443,0.31758,16,20,3.68464,0.379435,66.4271
529754,4185290.0,6016,4565,1,-0.00526055,0.324993,43.2669,133.132,18159,6048,4589,3501,0.0882027,23,34,1.75087,0.406241,120.955
530442,4185290.0,6016,4794,1,-0.00564804,0.603178,1.52686,2.53135,18159,6015,4793,3471,0.320575,1,0,0.0357429,0.753973,5.99588
530624,4185290.0,6016,4855,1,-0.0211427,0.342859,18.6687,54.4501,18159,5998,4851,3445,0.311582,9,12,2.87806,0.428574,53.7044
530628,4185290.0,6016,4856,1,-0.0242648,0.354687,19.1469,53.9823,18159,5998,4852,3445,0.302695,10,11,3.27468,0.443359,53.7168
530630,4185290.0,6016,4857,1,-0.00564429,0.350666,17.9028,51.0537,18159,5999,4853,3445,0.310135,6,14,0.720405,0.438332,50.8538
529752,4185290.0,6017,4564,1,-0.00821852,0.412399,120.032,291.058,18159,6100,4602,3372,0.0899617,62,62,5.98017,0.515498,272.374
529754,4185290.0,6017,4565,1,-0.00943185,0.338033,43.1203,127.562,18159,6048,4589,3501,0.0913482,23,31,3.00787,0.422541,118.996
530624,4185290.0,6017,4855,1,-0.00991532,0.332201,21.6576,65.1942,18159,5996,4849,3445,0.295168,11,15,1.61605,0.415252,63.9927
530628,4185290.0,6017,4856,1,-0.00799477,0.344401,19.7811,57.4363,18159,5998,4852,3445,0.287317,9,13,1.14797,0.430501,56.886
530630,4185290.0,6017,4857,1,-0.000178881,0.345327,18.7168,54.2004,18159,5999,4853,3445,0.304422,8,13,0.0242385,0.431658,53.9516
530796,4185290.0,6017,4912,3,-0.00812603,0.33724,19.601,58.1219,18159,6014,4895,3443,0.258065,14,11,1.18075,0.42155,52.9286
529752,4185290.0,6018,4564,1,-0.000804631,0.3272,43.4548,132.808,18159,6049,4589,3501,0.0961894,23,32,0.267154,0.409,121.176
530634,4185290.0,6018,4858,1,-0.00204915,0.34718,20.0293,57.6913,18159,5999,4853,3445,0.3253,6,17,0.295546,0.433975,57.3523
530792,4185290.0,6018,4911,3,-0.026799,0.357198,19.5402,54.704,18159,6014,4894,3443,0.270457,13,11,3.66503,0.446498,50.7562
530796,4185290.0,6018,4912,3,-0.00520265,0.317584,20.0156,63.0245,18159,6014,4894,3443,0.239936,13,14,0.819737,0.39698,55.8341
529752,4185300.0,6019,4564,1,-0.00190303,0.331179,42.3847,127.982,18159,6048,4589,3501,0.0999941,23,30,0.60888,0.413973,115.033
530628,4185300.0,6019,4856,1,-0.000298417,0.325147,24.5892,75.6249,18159,5995,4848,3445,0.290868,9,22,0.0564193,0.406434,74.1332
530630,4185300.0,6019,4857,1,-0.00120829,0.338108,21.7578,64.3517,18159,5998,4852,3445,0.305627,9,16,0.194389,0.422635,63.5312
530634,4185300.0,6019,4858,1,-0.00305451,0.34238,20.8805,60.9865,18159,5999,4853,3445,0.318451,8,16,0.46571,0.427974,60.5316
530636,4185300.0,6019,4859,1,-0.000313767,0.343763,20.0233,58.2475,18159,6000,4854,3445,0.331615,4,19,0.0456903,0.429704,57.7649
530790,4185300.0,6019,4910,3,-0.0308574,0.352034,18.3501,52.126,18159,6014,4894,3443,0.318862,12,10,4.02118,0.440042,49.1647
530792,4185300.0,6019,4911,3,-0.0204342,0.322568,19.0028,58.9112,18159,6014,4894,3443,0.27453,12,13,3.00951,0.40321,53.6151
529748,4185300.0,6020,4563,1,-0.00876743,0.420367,119.133,283.401,18159,6100,4602,3372,0.106793,67,53,6.21175,0.525459,265.387
529752,4185300.0,6020,4564,1,-0.011253,0.33927,42.1127,124.127,18159,6048,4589,3501,0.107839,22,30,3.49202,0.424087,113.058
530634,4185300.0,6020,4858,1,-0.00321961,0.340652,23.0608,67.696,18159,5998,4852,3445,0.310173,12,15,0.544887,0.425815,66.9187
530636,4185300.0,6020,4859,1,-0.00423621,0.343317,22.1934,64.644,18159,5999,4853,3445,0.321633,6,20,0.684614,0.429146,64.0497
530640,4185300.0,6020,4860,1,-0.00603022,0.345874,21.4485,62.0124,18159,6000,4854,3445,0.338057,4,21,0.93487,0.432342,61.3496
530790,4185300.0,6020,4910,3,-0.0127523,0.317722,17.7952,56.0086,18159,6014,4894,3443,0.303776,11,12,1.78559,0.397153,52.0706
529748,4185300.0,6021,4563,1,-0.00275863,0.424565,118.782,279.772,18159,6100,4602,3372,0.109109,65,54,1.92947,0.530707,262.743
530634,4185300.0,6021,4858,1,-0.00169357,0.331201,23.8257,71.9373,18159,5998,4851,3445,0.297914,10,19,0.304577,0.414001,70.4632
530636,4185300.0,6021,4859,1,-0.00203743,0.336023,22.9486,68.2947,18159,5999,4853,3445,0.308805,9,18,0.347864,0.420029,67.3524
530640,4185300.0,6021,4860,1,-0.00656698,0.344076,23.5774,68.5237,18159,5999,4853,3445,0.324044,6,22,1.12499,0.430095,67.664
530642,4185300.0,6021,4861,1,-0.00959249,0.346952,22.8794,65.9439,18159,6000,4854,3445,0.331556,4,23,1.58141,0.43369,65.044
530640,4185310.0,6022,4860,1,-0.000623424,0.335646,24.2546,72.2625,18159,5999,4853,3445,0.312608,10,19,0.112625,0.419557,71.0222
530642,4185310.0,6022,4861,1,-0.00904581,0.344057,24.9748,72.589,18159,5999,4853,3445,0.31897,6,24,1.64157,0.430071,71.4077
530646,4185310.0,6022,4862,1,-0.0134902,0.346542,24.2638,70.0169,18159,6000,4854,3445,0.31976,4,25,2.36135,0.433178,68.8291
530780,4185310.0,6022,4907,3,-0.0210233,0.334686,16.6541,49.7603,18159,6014,4893,3443,0.134169,11,10,2.61532,0.418357,48.294
530784,4185310.0,6022,4908,3,-0.0051253,0.331125,18.0492,54.5085,18159,6014,4892,3443,0.138717,12,11,0.698431,0.413907,51.8884
530640,4185310.0,6023,4860,1,-0.000931631,0.330533,26.3298,79.6586,18159,5998,4851,3445,0.3007,11,22,0.185531,0.413167,77.8089
530642,4185310.0,6023,4861,1,-0.0089067,0.334327,25.5778,76.5051,18159,5999,4853,3445,0.299141,10,21,1.70352,0.417909,74.83
530646,4185310.0,6023,4862,1,-0.0169894,0.341788,26.2591,76.8287,18159,5999,4853,3445,0.293906,6,26,3.26319,0.427235,75.2437
530648,4185310.0,6023,4863,1,-0.0115135,0.344721,25.5941,74.246,18159,6000,4854,3445,0.296285,4,27,2.13708,0.430901,72.7046
530778,4185310.0,6023,4906,3,-0.0227768,0.333325,18.252,54.7573,18159,6014,4891,3443,0.142342,5,18,3.118,0.416657,52.0456
530780,4185310.0,6023,4907,3,-0.0252901,0.313763,20.4986,65.3314,18159,6014,4889,3443,0.113364,4,24,4.1306,0.392204,59.9831
530642,4185310.0,6024,4861,1,-0.00452581,0.328277,27.6042,84.0882,18159,5998,4851,3445,0.272273,11,24,0.951417,0.410346,81.6979
530646,4185310.0,6024,4862,1,-0.00647295,0.330413,26.7751,81.0354,18159,5999,4853,3445,0.275702,9,24,1.31134,0.413016,78.7861
530648,4185310.0,6024,4863,1,-0.00759144,0.337884,27.4689,81.2966,18159,5999,4853,3445,0.276982,6,28,1.5429,0.422356,79.1889
530652,4185310.0,6024,4864,1,-0.00299565,0.340063,26.7692,78.7185,18159,6000,4854,3445,0.287804,4,29,0.589532,0.425079,76.6935
530774,4185310.0,6024,4905,3,-0.0106944,0.330452,22.4372,67.8986,18159,6013,4887,3443,0.147374,10,20,1.81534,0.413065,63.1218
530778,4185310.0,6024,4906,3,-0.0234272,0.315055,23.7688,75.4433,18159,6013,4886,3443,0.133441,11,21,4.41857,0.393819,68.2491
529748,4185320.0,6025,4563,1,-0.000288778,0.439525,117.474,267.274,18159,6100,4602,3372,0.106743,64,51,0.192957,0.549407,252.092
530646,4185320.0,6025,4862,1,-9.17371e-05,0.32238,28.6697,88.9316,18159,5998,4851,3445,0.260389,9,28,0.0203958,0.402975,85.7296
530648,4185320.0,6025,4863,1,-0.0020367,0.329502,29.3353,89.029,18159,5998,4852,3445,0.268807,12,25,0.453314,0.411878,86.0075
530652,4185320.0,6025,4864,1,-0.00153983,0.331857,28.5945,86.1651,18159,5999,4853,3445,0.286554,6,30,0.331698,0.414822,83.342
530654,4185320.0,6025,4865,1,-0.00789022,0.334818,27.9758,83.5554,18159,6000,4854,3445,0.294505,3,32,1.64817,0.418522,80.8491
530762,4185320.0,6025,4901,3,-0.024077,0.372602,21.6337,58.0612,18159,6013,4886,3443,0.164568,14,12,3.49485,0.465752,56.1433
530766,4185320.0,6025,4902,3,-0.0123998,0.354719,22.0041,62.0325,18159,6013,4886,3443,0.138993,12,15,1.92298,0.443399,59.0563
530768,4185320.0,6025,4903,3,-0.000158213,0.333965,22.3197,66.8326,18159,6013,4886,3443,0.129224,11,17,0.0264345,0.417456,62.4825
530772,4185320.0,6025,4904,3,-0.00659115,0.317542,24.5038,77.1673,18159,6013,4884,3443,0.14003,5,28,1.27155,0.396927,69.6375
530774,4185320.0,6025,4905,3,-0.0182194,0.301291,28.3065,93.9506,18159,6012,4881,3443,0.139186,7,33,4.2793,0.376614,81.205
530654,4185320.0,6026,4865,1,-0.0137969,0.324707,29.79,91.7441,18159,5999,4853,3445,0.274509,9,29,3.16446,0.405884,87.7977
530658,4185320.0,6026,4866,1,-0.029496,0.332039,30.5997,92.157,18159,5999,4853,3445,0.245158,6,33,6.79566,0.415048,88.3262
530760,4185320.0,6026,4900,3,-0.0144143,0.361751,22.7412,62.8642,18159,6013,4884,3443,0.16494,7,21,2.26536,0.452189,60.3088
530762,4185320.0,6026,4901,3,-0.0228387,0.346605,23.2942,67.2069,18159,6013,4884,3443,0.145562,5,24,3.8373,0.433256,63.4611
529752,4185320.0,6027,4564,1,-0.00158884,0.383905,39.7674,103.587,18159,6048,4589,3501,0.0996468,23,22,0.411456,0.479881,98.5015
530652,4185320.0,6027,4864,1,-0.0114487,0.309854,34.1315,110.154,18159,5995,4848,3445,0.252034,11,36,3.1528,0.387317,105.756
530654,4185320.0,6027,4865,1,-0.0211281,0.313553,31.5747,100.7,18159,5998,4851,3445,0.234763,13,29,5.31899,0.391942,95.743
530658,4185320.0,6027,4866,1,-0.0107095,0.317111,32.1302,101.322,18159,5998,4852,3445,0.209757,10,32,2.71277,0.396388,95.864
530660,4185320.0,6027,4867,1,-0.000455421,0.319127,32.5966,102.143,18159,5998,4852,3445,0.201422,12,31,0.116295,0.398909,96.3902
530664,4185320.0,6027,4868,1,-0.000774989,0.320556,31.8694,99.4192,18159,5999,4853,3445,0.211439,6,36,0.192622,0.400695,93.9383
530666,4185320.0,6027,4869,1,-0.0100507,0.32318,31.1247,96.3075,18159,6000,4854,3445,0.225093,4,37,2.41989,0.403975,91.4579
530670,4185320.0,6027,4870,1,-0.014445,0.325938,30.2574,92.8316,18159,6001,4855,3444,0.225036,4,36,3.35238,0.407423,88.8603
530672,4185320.0,6027,4871,1,-0.0122515,0.328167,29.1041,88.6867,18159,6002,4857,3444,0.220105,10,28,2.71637,0.410209,85.0202
530754,4185320.0,6027,4898,3,-0.0258878,0.355153,24.3795,68.6449,18159,6012,4882,3443,0.182198,6,24,4.44266,0.443942,65.5791
530756,4185320.0,6027,4899,3,-0.023965,0.346676,24.8337,71.6339,18159,6012,4882,3443,0.14856,7,24,4.29176,0.433344,67.841
530760,4185320.0,6027,4900,3,-0.0190021,0.342585,26.0921,76.1625,18159,6012,4881,3443,0.135763,7,26,3.61812,0.428231,70.9526
529752,4185320.0,6028,4564,1,-0.00668289,0.390505,39.4738,101.084,18159,6048,4589,3501,0.0969464,24,20,1.68883,0.488132,96.5066
530654,4185320.0,6028,4865,1,-0.0147473,0.30126,37.3704,124.047,18159,5993,4846,3445,0.207906,8,45,4.57339,0.376575,118.824
530666,4185320.0,6028,4869,1,-0.0113563,0.309244,34.0829,110.214,18159,5998,4852,3445,0.218125,10,36,3.12904,0.386555,102.387
530670,4185320.0,6028,4870,1,-0.00886016,0.310334,33.3492,107.462,18159,5999,4853,3445,0.215401,10,35,2.38034,0.387917,100.031
530672,4185320.0,6028,4871,1,-0.00445667,0.312169,32.5448,104.254,18159,6000,4854,3445,0.213647,4,40,1.16156,0.390211,97.552
530676,4185320.0,6028,4872,1,-0.00308376,0.314584,31.6935,100.747,18159,6001,4855,3444,0.217295,4,39,0.776703,0.39323,95.1836
530678,4185320.0,6028,4873,1,-0.00506873,0.318085,31.8095,100.003,18159,6001,4856,3444,0.224903,9,34,1.26723,0.397606,95.0204
530750,4185320.0,6028,4897,3,-0.0256599,0.352969,27.9539,79.1964,18159,6011,4878,3443,0.19392,9,26,5.08042,0.441212,75.063
530754,4185320.0,6028,4898,3,-0.0351762,0.343728,28.5248,82.9867,18159,6011,4878,3443,0.156973,9,27,7.29789,0.42966,77.7947
529752,4185330.0,6029,4564,1,-0.005302,0.404446,39.9735,98.835,18159,6049,4589,3501,0.0970133,24,20,1.31006,0.505558,98.1004
530672,4185330.0,6029,4871,1,-0.00355332,0.297331,35.4787,119.324,18159,5998,4851,3445,0.211941,13,37,1.05999,0.371664,109.644
530676,4185330.0,6029,4872,1,-0.0118919,0.300925,36.172,120.203,18159,5998,4852,3445,0.215859,10,40,3.57362,0.376156,110.053
530678,4185330.0,6029,4873,1,-0.0124545,0.300772,35.3562,117.551,18159,5999,4853,3445,0.215469,9,40,3.6601,0.375966,107.685
530682,4185330.0,6029,4874,1,-0.00883393,0.303572,34.6638,114.186,18159,6000,4854,3445,0.207293,4,44,2.52179,0.379465,105.232
530684,4185330.0,6029,4875,1,-0.00117324,0.309116,35.2472,114.026,18159,6000,4854,3445,0.21296,4,45,0.334449,0.386396,105.914
530690,4185330.0,6029,4877,1,-0.00703558,0.31143,33.3499,107.086,18159,6002,4857,3444,0.26265,9,37,1.88354,0.389288,99.5378
530694,4185330.0,6029,4878,1,-0.0162852,0.316762,33.1105,104.528,18159,6003,4858,3444,0.258678,11,34,4.25563,0.395953,96.8002
530696,4185330.0,6029,4879,1,-0.0124426,0.321562,32.9789,102.558,18159,6004,4859,3444,0.244879,7,37,3.19024,0.401953,95.088
530700,4185330.0,6029,4880,1,-0.00872781,0.324039,32.5385,100.415,18159,6005,4860,3444,0.245707,6,37,2.19102,0.405049,93.5471
530702,4185330.0,6029,4881,1,-0.0097924,0.32838,33.2253,101.179,18159,6005,4860,3444,0.252674,5,39,2.47697,0.410475,94.793
530706,4185330.0,6029,4882,1,-0.00749632,0.333834,32.6953,97.9388,18159,6006,4861,3444,0.249874,4,39,1.83545,0.417292,93.0007
530708,4185330.0,6029,4883,1,-0.0113135,0.343653,31.5429,91.7869,18159,6007,4863,3444,0.248824,15,26,2.59608,0.429567,88.0753
530712,4185330.0,6029,4884,1,-0.00912957,0.3447,30.5501,88.6281,18159,6007,4866,3443,0.247437,8,31,2.02284,0.430875,84.7909
530714,4185330.0,6029,4885,1,-0.00252572,0.349463,29.68,84.9304,18159,6008,4867,3443,0.245189,6,32,0.536277,0.436828,81.4968
530748,4185330.0,6029,4896,3,-0.0208739,0.328819,28.5859,86.9351,18159,6011,4876,3443,0.191805,6,31,4.5367,0.411024,80.7441
530750,4185330.0,6029,4897,3,-0.0329999,0.324207,32.6648,100.753,18159,6009,4873,3443,0.171053,16,27,8.31211,0.405258,92.9246
530676,4185330.0,6030,4872,1,-0.00868914,0.285509,42.1238,147.539,18159,5993,4845,3445,0.20832,9,54,3.20497,0.356886,136.166
530678,4185330.0,6030,4873,1,-0.0123439,0.285989,42.4724,148.51,18159,5993,4846,3445,0.204697,8,55,4.58298,0.357486,136.734
530682,4185330.0,6030,4874,1,-0.0100436,0.284862,41.815,146.79,18159,5994,4847,3445,0.201194,6,56,3.68574,0.356078,134.474
530690,4185330.0,6030,4877,1,-0.0069911,0.291338,39.5523,135.761,18159,5998,4851,3445,0.261877,11,46,2.37279,0.364173,121.597
530694,4185330.0,6030,4878,1,-0.014924,0.295071,40.3218,136.651,18159,5998,4852,3445,0.256987,12,45,5.09845,0.368839,122.299
530696,4185330.0,6030,4879,1,-0.0155313,0.294612,39.6603,134.619,18159,5999,4853,3445,0.248368,8,48,5.22703,0.368264,120.553
530700,4185330.0,6030,4880,1,-0.0213908,0.296582,39.0874,131.793,18159,6000,4854,3445,0.246427,4,51,7.04786,0.370728,118.57
530702,4185330.0,6030,4881,1,-0.0133641,0.301439,38.281,126.994,18159,6001,4855,3444,0.243778,4,50,4.2429,0.376799,115.73
530706,4185330.0,6030,4882,1,-0.00585992,0.308879,36.071,116.781,18159,6003,4858,3444,0.242773,12,38,1.71081,0.386098,106.732
530708,4185330.0,6030,4883,1,-0.00355151,0.317826,36.0545,113.441,18159,6004,4859,3444,0.248439,6,43,1.00722,0.397283,104.65
530712,4185330.0,6030,4884,1,-0.00934495,0.321234,35.6039,110.835,18159,6005,4860,3444,0.250282,5,43,2.58936,0.401543,103.209
530714,4185330.0,6030,4885,1,-0.0172528,0.327196,35.0991,107.272,18159,6006,4861,3444,0.243722,5,42,4.62687,0.408995,101.376
530718,4185330.0,6030,4886,1,-0.018492,0.337388,33.3381,98.8123,18159,6007,4864,3444,0.235187,13,31,4.56811,0.421735,93.9787
530720,4185330.0,6030,4887,1,-0.012302,0.337723,31.3282,92.7629,18159,6008,4867,3443,0.220554,6,35,2.85294,0.422154,88.4002
530724,4185330.0,6030,4888,1,-0.00345276,0.341835,31.9084,93.3446,18159,6008,4867,3443,0.211577,7,35,0.805742,0.427294,89.2299
530732,4185330.0,6030,4891,1,-0.00996777,0.334295,32.7626,98.0049,18159,6008,4869,3443,0.24245,12,31,2.44223,0.417869,93.2479
530736,4185330.0,6030,4892,1,-0.033655,0.334041,33.5195,100.345,18159,6008,4869,3443,0.213994,14,30,8.4428,0.417551,95.0253
530738,4185330.0,6030,4893,3,-0.0361942,0.330836,34.1047,103.086,18159,6008,4869,3443,0.178272,15,30,9.32784,0.413545,97.0744
530742,4185330.0,6030,4894,3,-0.0167895,0.324974,34.5403,106.287,18159,6008,4869,3443,0.158762,14,32,4.46125,0.406217,99.4691
530744,4185330.0,6030,4895,3,-0.0127581,0.316881,34.9445,110.277,18159,6008,4869,3443,0.162718,12,35,3.51729,0.396101,102.357
530748,4185330.0,6030,4896,3,-0.0225879,0.302322,39.9165,132.033,18159,6007,4863,3444,0.172442,14,43,7.4559,0.377902,118.974
530714,4185330.0,6031,4885,1,-0.0213661,0.291514,42.8055,146.838,18159,6000,4854,3445,0.239901,4,57,7.84341,0.364393,130.985
530718,4185330.0,6031,4886,1,-0.0243202,0.297976,42.0184,141.013,18159,6001,4855,3444,0.227526,8,52,8.57366,0.372469,127.515
530720,4185330.0,6031,4887,1,-0.016453,0.306411,39.0543,127.457,18159,6004,4859,3444,0.212938,8,46,5.24265,0.383013,115.945
530726,4185330.0,6031,4889,1,-0.00373958,0.323016,35.9136,111.182,18159,6007,4863,3444,0.222283,14,35,1.03944,0.40377,105.52
530730,4185330.0,6031,4890,1,-0.0022406,0.326787,34.9479,106.944,18159,6007,4866,3443,0.226685,7,40,0.599047,0.408484,101.024
530732,4185330.0,6031,4891,1,-0.0111003,0.327329,34.1099,104.207,18159,6008,4867,3443,0.207106,6,40,2.89181,0.409161,98.4461
530736,4185330.0,6031,4892,2,-0.0201254,0.322395,34.6442,107.459,18159,6008,4867,3443,0.186316,6,41,5.40663,0.402994,100.765
530738,4185330.0,6031,4893,2,-0.0285262,0.317211,37.2798,117.524,18159,6007,4865,3444,0.16702,9,42,8.38124,0.396514,108.656
530732,4185340.0,6032,4891,2,-0.0197556,0.27468,49.4736,180.113,18159,5998,4851,3445,0.150397,14,59,8.8956,0.343351,156.872
530736,4185340.0,6032,4892,2,-0.00794678,0.416406,117.425,281.995,18159,6012,4801,3467,0.150245,43,67,5.60239,0.520508,280.814
530730,4185340.0,6033,4890,2,-0.037916,0.409423,121.536,296.847,18159,6012,4797,3467,0.175919,52,67,28.1381,0.511779,285.834
530732,4185340.0,6033,4891,2,-0.043114,0.404976,121.936,301.095,18159,6012,4797,3467,0.126841,56,68,32.4535,0.50622,289.076
530666,4185340.0,6035,4869,2,-0.00957665,0.460394,107.082,232.588,18159,6012,4797,3467,0.165922,47,49,5.56853,0.575492,226.217
530688,4185340.0,6035,4876,2,-0.00399521,0.434651,111.257,255.969,18159,6012,4797,3467,0.24702,55,50,2.55663,0.543314,246.967
530690,4185340.0,6035,4877,2,-0.0145937,0.432226,112.004,259.132,18159,6012,4797,3467,0.238767,56,50,9.45423,0.540282,249.901
530694,4185340.0,6035,4878,2,-0.0115296,0.429665,112.736,262.381,18159,6012,4797,3467,0.236046,57,50,7.56286,0.537082,252.85
530696,4185340.0,6035,4879,2,-0.00666089,0.426343,113.31,265.773,18159,6012,4797,3467,0.241355,55,53,4.42571,0.532929,255.819
530648,4185350.0,6036,4863,2,-0.0193388,0.47611,103.456,217.293,18159,6012,4797,3467,0.193843,56,35,10.5055,0.595138,210.854
530652,4185350.0,6036,4864,2,-0.00603928,0.471929,103.921,220.206,18159,6012,4797,3467,0.193587,57,35,3.32471,0.589911,213.663
530660,4185350.0,6036,4867,2,-0.0160114,0.462751,105.939,228.933,18159,6012,4797,3467,0.22795,56,39,9.16383,0.578438,222.096
530664,4185350.0,6036,4868,2,-0.0356468,0.459908,106.674,231.945,18159,6012,4797,3467,0.189775,57,39,20.6703,0.574885,224.945
530666,4185350.0,6036,4869,2,-0.0311324,0.456075,107.172,234.988,18159,6012,4797,3467,0.151581,57,40,18.2893,0.570094,227.81
530636,4185350.0,6037,4859,1,-0.0163849,0.486141,100.891,207.535,18159,6012,4797,3467,0.225794,45,43,8.5011,0.607676,201.364
530640,4185350.0,6037,4860,1,-0.00968857,0.484382,102.227,211.045,18159,6012,4796,3467,0.215391,46,44,5.11182,0.605477,204.295
530642,4185350.0,6037,4861,1,-0.00350449,0.470632,102.756,218.337,18159,6012,4796,3467,0.211649,45,48,1.9129,0.58829,208.936
530646,4185350.0,6037,4862,2,-0.016417,0.430658,100.681,233.783,18159,6017,4794,3471,0.212054,50,49,9.59507,0.538322,213.705
530648,4185350.0,6037,4863,2,-0.0278821,0.422834,100.424,237.502,18159,6018,4794,3471,0.210319,43,58,16.5552,0.528543,215.945
530420,4185350.0,6038,4787,1,-0.0410038,0.445574,48.9507,109.86,18159,6004,4777,3475,0.182549,30,13,11.2617,0.556967,104.528
530424,4185350.0,6038,4788,1,-0.0501998,0.394708,26.207,66.3957,18159,6016,4790,3471,0.18014,15,10,8.33263,0.493386,64.7667
530606,4185350.0,6038,4849,1,-0.0016115,0.536944,94.9702,176.872,18159,6012,4797,3467,0.237166,46,31,0.712572,0.671179,174.934
530610,4185350.0,6038,4850,1,-0.00419476,0.530738,95.6106,180.147,18159,6012,4797,3467,0.264685,45,33,1.88918,0.663423,177.728
530612,4185350.0,6038,4851,1,-0.026482,0.530476,97.2686,183.361,18159,6012,4796,3467,0.25338,49,31,12.1394,0.663095,180.512
530616,4185350.0,6038,4852,1,-0.0516825,0.525875,98.0355,186.423,18159,6012,4796,3467,0.195276,48,33,24.0871,0.657344,183.251
530618,4185350.0,6038,4853,1,-0.0310217,0.51968,98.4376,189.42,18159,6012,4796,3467,0.126336,48,34,14.6903,0.6496,185.98
530634,4185350.0,6038,4858,1,-0.00324137,0.441226,97.8987,221.879,18159,6017,4794,3471,0.225805,46,48,1.79798,0.551533,203.444
530636,4185350.0,6038,4859,1,-0.00800492,0.430691,96.6361,224.375,18159,6019,4794,3471,0.233807,40,55,4.49025,0.538364,204.378
530640,4185350.0,6038,4860,1,-0.00744507,0.425324,96.1735,226.118,18159,6020,4794,3471,0.224642,38,57,4.20867,0.531655,203.477
530642,4185350.0,6038,4861,1,-0.0134452,0.417824,96.7841,231.639,18159,6020,4794,3471,0.211219,43,55,7.78606,0.52228,206.994
530646,4185350.0,6038,4862,1,-0.0265303,0.412345,97.4369,236.299,18159,6020,4794,3471,0.221675,45,54,15.6727,0.515432,210.165
530418,4185360.0,6039,4786,1,-0.0572633,0.571478,78.0101,136.506,18159,6068,4751,3477,0.170921,42,21,19.542,0.714347,137.748
530420,4185360.0,6039,4787,1,-0.0588427,0.564044,78.5798,139.315,18159,6068,4751,3477,0.148369,43,21,20.4942,0.705055,140.336
530424,4185360.0,6039,4788,1,-0.0365551,0.551876,81.1383,147.023,18159,6067,4749,3478,0.131711,50,16,13.4361,0.689845,145.368
530426,4185360.0,6039,4789,1,-0.0301212,0.378148,26.7274,70.6796,18159,6016,4790,3471,0.125257,16,11,5.32239,0.472685,67.5685
530600,4185360.0,6039,4847,1,-0.049584,0.539797,94.5858,175.225,18159,6012,4796,3467,0.190395,40,37,21.7208,0.674746,172.686
530604,4185360.0,6039,4848,1,-0.015631,0.530915,94.9339,178.812,18159,6012,4796,3467,0.170687,44,34,6.98754,0.663644,175.64
530612,4185360.0,6039,4851,1,-0.0151321,0.479815,98.8274,205.97,18159,6013,4792,3471,0.273361,50,40,7.7919,0.599768,194.319
530616,4185360.0,6039,4852,1,-0.052711,0.470661,97.442,207.032,18159,6015,4793,3471,0.214024,56,34,27.2822,0.588326,192.288
530618,4185360.0,6039,4853,1,-0.0335717,0.463032,95.6466,206.566,18159,6017,4794,3471,0.137666,46,42,17.3369,0.57879,190.251
530640,4185360.0,6039,4860,1,-0.00880613,0.416761,95.9043,230.118,18159,6020,4794,3471,0.22492,46,50,5.06613,0.520951,205.211
530642,4185360.0,6039,4861,1,-0.0256105,0.395806,96.5069,243.824,18159,6020,4794,3471,0.203948,50,51,15.6111,0.494757,209.103
530424,4185360.0,6040,4788,1,-0.025298,0.563688,69.2779,122.901,18159,6069,4759,3477,0.176172,36,21,7.77289,0.70461,125.135
530426,4185360.0,6040,4789,1,-0.0286545,0.552359,69.8119,126.389,18159,6069,4759,3477,0.158834,35,23,9.054,0.690449,126.819
530430,4185360.0,6040,4790,1,-0.0400253,0.543766,70.3241,129.328,18159,6069,4759,3477,0.1457,36,23,12.941,0.679707,125.497
530436,4185360.0,6040,4792,1,-0.0398106,0.38647,22.8638,59.1605,18159,6020,4792,3471,0.162054,19,6,5.88803,0.483088,58.5089
530438,4185360.0,6040,4793,1,-0.0384704,0.386878,22.7909,58.9099,18159,6020,4793,3471,0.180506,16,3,5.66573,0.483597,58.5128
530598,4185360.0,6040,4846,1,-0.0548808,0.506629,104.996,207.244,18159,6007,4787,3471,0.264602,57,34,28.4343,0.633286,203.682
530600,4185360.0,6040,4847,1,-0.0640387,0.503353,98.8118,196.307,18159,6011,4791,3471,0.205425,48,38,31.4282,0.629191,189.882
530604,4185360.0,6040,4848,1,-0.0188586,0.490086,96.6261,197.161,18159,6013,4792,3471,0.183484,53,33,9.29548,0.612608,187.958
530612,4185360.0,6040,4851,1,-0.00230188,0.457806,90.9343,198.631,18159,6020,4794,3471,0.262685,37,47,1.14306,0.572258,182.381
530616,4185360.0,6040,4852,1,-0.0194101,0.454755,91.7102,201.67,18159,6020,4794,3471,0.229467,38,47,9.7861,0.568443,182.324
530618,4185360.0,6040,4853,1,-0.0177944,0.445476,92.2138,207.001,18159,6020,4794,3471,0.168054,43,45,9.20864,0.556845,185.709
530622,4185360.0,6040,4854,1,-0.000692922,0.438963,92.5383,210.811,18159,6020,4794,3471,0.134403,42,47,0.365188,0.548704,188.701
530628,4185360.0,6040,4856,1,-0.0150087,0.429598,93.4941,217.631,18159,6020,4794,3471,0.156576,45,46,8.16591,0.536998,194.555
530640,4185360.0,6040,4860,1,-0.0313658,0.408849,96.0458,234.918,18159,6067,4794,3476,0.202118,66,36,18.4209,0.511061,215.063
530642,4185360.0,6040,4861,1,-0.0161486,0.42452,125.698,296.095,18159,6070,4775,3477,0.19256,65,62,11.9538,0.53065,274.391
530432,4185360.0,6041,4791,1,-0.0307471,0.544431,61.6641,113.263,18159,6069,4767,3477,0.151964,36,15,8.70629,0.680539,109.956
530436,4185360.0,6041,4792,1,-0.0330375,0.532481,62.7152,117.779,18159,6069,4766,3477,0.135589,40,13,9.72781,0.665602,112.663
530438,4185360.0,6041,4793,1,-0.0452081,0.363624,23.4099,64.3794,18159,6020,4792,3471,0.119265,18,11,7.27618,0.45453,61.5319
530442,4185360.0,6041,4794,1,-0.0437346,0.373421,23.3287,62.4729,18159,6020,4793,3471,0.127875,22,5,6.83057,0.466776,61.6189
530444,4185360.0,6041,4795,1,-0.0199818,0.377519,23.522,62.3068,18159,6020,4793,3471,0.15105,17,5,3.1125,0.471899,61.8554
530448,4185360.0,6041,4796,1,-0.018279,0.380459,23.7895,62.5283,18159,6020,4793,3471,0.19858,19,4,2.85738,0.475574,62.192
530594,4185360.0,6041,4845,1,-0.0164815,0.509972,96.7708,189.757,18159,6011,4791,3471,0.268807,47,36,7.81867,0.637465,186.15
530598,4185360.0,6041,4846,1,-0.0198646,0.503397,97.4761,193.637,18159,6011,4791,3471,0.257129,46,40,9.61628,0.629246,189.926
530600,4185360.0,6041,4847,1,-0.0088847,0.486881,93.3593,191.75,18159,6015,4793,3471,0.242103,51,32,4.25909,0.608602,181.307
530610,4185360.0,6041,4850,1,-0.00478651,0.453589,90.0241,198.47,18159,6020,4794,3471,0.262156,42,42,2.37495,0.566987,178.353
530618,4185360.0,6041,4853,1,-0.00854905,0.435193,92.1264,211.691,18159,6020,4794,3471,0.185063,51,38,4.52439,0.543991,187.311
530622,4185360.0,6041,4854,1,-0.0129363,0.426751,92.5306,216.826,18159,6020,4794,3471,0.161933,43,47,7.01234,0.533439,190.323
530624,4185360.0,6041,4855,1,-0.0056814,0.391025,93.2204,238.4,18159,6020,4793,3471,0.161305,51,45,3.38611,0.488782,194.711
530628,4185360.0,6041,4856,1,-0.0167435,0.466916,90.1109,192.992,18159,6065,4796,3476,0.168655,49,34,8.07839,0.583645,192.122
530436,4185370.0,6042,4792,1,-0.0251198,0.554417,60.4479,109.03,18159,6069,4768,3477,0.148684,29,21,6.84701,0.693021,106.855
530438,4185370.0,6042,4793,1,-0.0281995,0.544496,60.7516,111.574,18159,6069,4768,3477,0.117726,29,22,7.86584,0.68062,108.705
530442,4185370.0,6042,4794,1,-0.0247482,0.534057,61.1353,114.473,18159,6069,4768,3477,0.111828,29,23,7.08251,0.667571,110.731
530444,4185370.0,6042,4795,1,-0.00182603,0.5184,61.4118,118.464,18159,6069,4768,3477,0.144952,29,24,0.540799,0.648,113.187
530448,4185370.0,6042,4796,1,-0.00286028,0.354835,24.0758,67.8505,18159,6020,4793,3471,0.2007,19,7,0.485179,0.443544,65.2442
530450,4185370.0,6042,4797,1,-0.0182651,0.371805,24.853,66.8441,18159,6020,4793,3471,0.256452,19,6,3.05229,0.464757,65.6539
530454,4185370.0,6042,4798,1,-0.0281327,0.380307,25.3821,66.741,18159,6020,4793,3471,0.282665,19,7,4.69401,0.475384,66.177
530568,4185370.0,6042,4836,1,-0.0221374,0.531215,82.4795,155.266,18159,6015,4793,3471,0.375949,50,19,8.59296,0.664018,152.857
530586,4185370.0,6042,4842,1,-0.0172954,0.519289,94.0187,181.053,18159,6011,4791,3471,0.358799,45,36,7.82843,0.649111,181.041
530588,4185370.0,6042,4843,1,-0.0339855,0.515653,92.7356,179.841,18159,6013,4792,3471,0.304932,44,35,15.28,0.644566,176.603
530592,4185370.0,6042,4844,1,-0.0298408,0.510643,93.4756,183.054,18159,6013,4792,3471,0.251612,48,32,13.6562,0.638304,179.54
530594,4185370.0,6042,4845,1,-0.0160316,0.50301,91.8594,182.619,18159,6015,4793,3471,0.222044,55,25,7.3192,0.628763,176.439
530616,4185370.0,6042,4852,1,-0.0197749,0.477329,107.388,224.976,18159,6066,4783,3476,0.216364,61,31,11.1222,0.596662,217.725
530618,4185370.0,6042,4853,1,-0.027973,0.483819,90.4699,186.991,18159,6065,4795,3476,0.177489,43,37,13.0767,0.604774,185.99
530450,4185370.0,6043,4797,1,-0.0221493,0.525199,61.5586,117.21,18159,6069,4769,3477,0.264892,41,12,6.4903,0.656498,112.784
530454,4185370.0,6043,4798,1,-0.0398891,0.355515,25.9398,72.9641,18159,6020,4793,3471,0.263275,19,8,7.27618,0.444393,69.2527
530456,4185370.0,6043,4799,1,-0.0270552,0.371858,26.513,71.2987,18159,6020,4793,3471,0.261723,20,8,4.82251,0.464823,69.8264
530564,4185370.0,6043,4835,1,-0.0282023,0.525608,78.4202,149.199,18159,6018,4794,3471,0.392524,40,25,10.5194,0.65701,145.104
530568,4185370.0,6043,4836,1,-0.000675759,0.526967,80.3332,152.445,18159,6017,4794,3471,0.353562,42,25,0.257539,0.658708,149.857
530570,4185370.0,6043,4837,1,-0.000313948,0.523943,81.363,155.29,18159,6017,4794,3471,0.363906,41,27,0.121882,0.654928,151.866
530580,4185370.0,6043,4840,1,-0.00186229,0.516863,87.1132,168.542,18159,6015,4793,3471,0.385716,49,25,0.784688,0.646079,165.324
530582,4185370.0,6043,4841,1,-0.00962312,0.515348,88.299,171.339,18159,6015,4793,3471,0.370656,51,24,4.12203,0.644185,167.807
530586,4185370.0,6043,4842,1,-0.0260959,0.512604,89.3784,174.361,18159,6015,4793,3471,0.331318,51,25,11.3753,0.640755,170.423
530588,4185370.0,6043,4843,1,-0.036427,0.50827,90.3892,177.837,18159,6015,4793,3471,0.277122,49,28,16.1952,0.635338,173.273
530592,4185370.0,6043,4844,1,-0.0309272,0.502403,88.7056,176.563,18159,6017,4794,3471,0.230326,43,32,13.6515,0.628003,170.286
530594,4185370.0,6043,4845,1,-0.0110085,0.483272,86.1203,178.202,18159,6020,4794,3471,0.211862,35,40,4.90437,0.60409,168.919
530612,4185370.0,6043,4851,1,-0.0507154,0.488028,87.1979,178.674,18159,6065,4796,3476,0.277642,41,35,22.6538,0.610035,177.84
530616,4185370.0,6043,4852,1,-0.0509464,0.482487,86.1549,178.564,18159,6065,4797,3476,0.226814,48,28,22.743,0.603109,177.782
530450,4185370.0,6044,4797,1,-0.035545,0.545771,60.675,111.173,18159,6069,4770,3477,0.275788,39,12,9.87911,0.682214,108.381
530454,4185370.0,6044,4798,1,-0.0421685,0.535205,61.4515,114.818,18159,6069,4770,3477,0.25399,40,12,12.1043,0.669007,110.912
530456,4185370.0,6044,4799,1,-0.0295885,0.512735,62.0395,120.997,18159,6069,4770,3477,0.237919,38,17,8.95032,0.640919,114.687
530460,4185370.0,6044,4800,1,-0.0279721,0.34077,27.5321,80.7939,18159,6020,4793,3471,0.24153,22,8,5.64995,0.425962,73.8004
530462,4185370.0,6044,4801,1,-0.0304563,0.365699,28.2388,77.2187,18159,6020,4793,3471,0.253251,22,9,5.87949,0.457123,74.3751
530466,4185370.0,6044,4802,1,-0.0147968,0.374353,28.8822,77.1523,18159,6020,4793,3471,0.281079,22,10,2.85401,0.467941,75.2223
530592,4185370.0,6044,4844,1,-0.0165652,0.481249,85.2686,177.182,18159,6020,4794,3471,0.22572,41,34,7.33764,0.601561,165.088
530594,4185370.0,6044,4845,1,-0.00367407,0.460998,85.745,185.999,18159,6020,4794,3471,0.223837,52,26,1.70843,0.576247,168.412
530610,4185370.0,6044,4850,1,-0.0243917,0.497661,85.9093,172.626,18159,6065,4796,3476,0.321064,44,30,10.5266,0.622076,171.941
530612,4185370.0,6044,4851,1,-0.0353807,0.483404,81.2333,168.044,18159,6065,4799,3476,0.303907,48,24,14.8638,0.604255,167.069
530454,4185380.0,6045,4798,1,-0.0454729,0.557478,54.2452,97.3046,18159,6067,4775,3477,0.272506,39,5,11.0618,0.696848,95.4845
530456,4185380.0,6045,4799,1,-0.0316919,0.550097,54.994,99.9715,18159,6067,4775,3477,0.243942,41,4,7.92072,0.687621,97.6197
530460,4185380.0,6045,4800,1,-0.0284517,0.541058,55.6998,102.946,18159,6067,4775,3477,0.244461,42,4,7.32248,0.676323,99.8845
530462,4185380.0,6045,4801,1,-0.0260938,0.531556,56.4439,106.186,18159,6067,4775,3477,0.252527,42,5,6.92699,0.664445,102.259
530466,4185380.0,6045,4802,1,-0.0157218,0.528427,58.1157,109.979,18159,6067,4774,3477,0.277881,40,9,4.32265,0.660533,104.835
530588,4185380.0,6045,4843,1,-0.0130084,0.479383,84.3904,176.04,18159,6020,4794,3471,0.208226,45,28,5.72498,0.599228,164.021
530592,4185380.0,6045,4844,1,-0.00145039,0.451424,84.8811,188.03,18159,6020,4794,3471,0.203981,50,28,0.681789,0.56428,167.49
530606,4185380.0,6045,4849,1,-0.000662947,0.499183,82.7797,165.83,18159,6065,4797,3476,0.273372,46,25,0.274842,0.623979,165.263
530466,4185380.0,6046,4802,1,-0.0184814,0.555263,56.2786,101.355,18159,6067,4776,3477,0.316482,31,15,4.68294,0.694078,99.4947
530468,4185380.0,6046,4803,1,-0.0195347,0.547998,57.3433,104.641,18159,6067,4776,3477,0.340195,32,15,5.11034,0.684998,102.032
530472,4185380.0,6046,4804,1,-0.00746592,0.537555,58.2758,108.409,18159,6067,4776,3477,0.380262,33,15,2.02343,0.671944,104.858
530582,4185380.0,6046,4841,1,-0.0302727,0.475788,82.9113,174.261,18159,6020,4794,3471,0.299752,42,30,13.1884,0.594735,160.494
530586,4185380.0,6046,4842,1,-0.0550174,0.461822,83.7477,181.342,18159,6020,4794,3471,0.233283,49,26,24.9424,0.577278,163.507
530588,4185380.0,6046,4843,1,-0.0329337,0.514976,98.8493,191.949,18159,6066,4784,3476,0.180593,56,24,15.804,0.64372,186.071
530604,4185380.0,6046,4848,1,-0.00578909,0.493628,78.0329,158.081,18159,6065,4799,3476,0.234822,46,21,2.28786,0.617035,157.479
530562,4185380.0,6047,4834,1,-0.0264257,0.481623,75.926,157.646,18159,6020,4794,3471,0.380059,40,26,10.4148,0.602028,144.411
530564,4185380.0,6047,4835,1,-0.0290476,0.479375,76.9618,160.546,18159,6020,4794,3471,0.334382,41,26,11.6587,0.599219,146.916
530568,4185380.0,6047,4836,1,-0.0194085,0.47587,77.8225,163.537,18159,6020,4794,3471,0.304892,42,26,7.93503,0.594838,149.448
530570,4185380.0,6047,4837,1,-0.0165539,0.471915,78.7653,166.906,18159,6020,4794,3471,0.310525,43,26,6.90734,0.589893,152.026
530574,4185380.0,6047,4838,1,-0.0129657,0.466306,79.6893,170.895,18159,6020,4794,3471,0.330675,48,22,5.53943,0.582883,154.672
530576,4185380.0,6047,4839,1,-0.00817921,0.45933,80.6393,175.559,18159,6020,4794,3471,0.337717,50,21,3.58982,0.574162,157.387
530580,4185380.0,6047,4840,1,-0.0121621,0.43176,81.9676,189.845,18159,6020,4793,3471,0.333897,48,27,5.77228,0.5397,160.795
530582,4185380.0,6047,4841,1,-0.0360102,0.538426,88.131,163.683,18159,6065,4790,3476,0.299639,50,18,14.7356,0.673033,160.809
530586,4185380.0,6047,4842,1,-0.0548704,0.547756,83.7225,152.846,18159,6065,4794,3476,0.246918,42,23,20.9669,0.684695,151.975
530588,4185380.0,6047,4843,1,-0.0185869,0.530001,80.5396,151.961,18159,6065,4796,3476,0.193509,37,27,7.06123,0.662501,151.354
530600,4185380.0,6047,4847,1,-0.00249418,0.501998,77.0683,153.523,18159,6065,4799,3476,0.217564,38,27,0.957285,0.627498,155.364
530604,4185380.0,6047,4848,1,-0.00768124,0.487447,78.2239,160.477,18159,6066,4799,3476,0.221193,39,28,3.08165,0.609308,158.974
530558,4185380.0,6048,4833,1,-0.0151655,0.447214,74.9648,167.626,18159,6020,4793,3471,0.398078,42,25,6.35536,0.559017,144.552
530562,4185380.0,6048,4834,1,-0.016667,0.445152,76.057,170.856,18159,6020,4793,3471,0.365099,43,25,7.11917,0.55644,147.042
530564,4185380.0,6048,4835,1,-0.0334567,0.443476,77.2593,174.213,18159,6020,4793,3471,0.31744,46,23,14.5715,0.554345,149.558
530568,4185380.0,6048,4836,1,-0.0189705,0.439265,78.0869,177.767,18159,6020,4793,3471,0.286696,46,24,8.43082,0.549082,152.107
530580,4185380.0,6048,4840,1,-0.0164296,0.549407,79.8854,145.403,18159,6065,4795,3476,0.318827,40,21,5.97228,0.686758,144.671
530582,4185380.0,6048,4841,1,-0.0237414,0.552769,80.7611,146.103,18159,6065,4795,3476,0.285969,38,24,8.67169,0.690962,145.6
530586,4185380.0,6048,4842,1,-0.00709202,0.543768,79.4394,146.09,18159,6065,4796,3476,0.266258,40,22,2.59019,0.67971,145.69
530594,4185380.0,6048,4845,1,-0.0216785,0.512709,75.9118,148.06,18159,6065,4799,3476,0.184994,41,21,8.02433,0.640886,148.353
530598,4185380.0,6048,4846,1,-0.0267679,0.505108,76.9837,152.41,18159,6066,4799,3476,0.182532,35,29,10.1993,0.631385,152.711
530594,4185390.0,6049,4845,1,-0.0746695,0.503802,76.5355,151.916,18159,6066,4799,3476,0.193864,48,18,28.3587,0.629752,148.067
530594,4185390.0,6050,4845,1,-0.0678953,0.480801,76.0901,158.257,18159,6067,4799,3476,0.268313,50,14,26.8623,0.601002,148.41
530594,4185390.0,6051,4845,1,-0.0103692,0.47755,75.06,157.177,18159,6067,4799,3476,0.312367,50,13,4.07451,0.596938,147.169
530588,4185400.0,6053,4843,1,-0.0134678,0.501502,72.662,144.889,18159,6067,4799,3476,0.27901,41,22,4.87833,0.626877,140.282
530576,4185410.0,6057,4839,1,-0.0120263,0.535413,67.3535,125.797,18159,6067,4799,3476,0.333479,37,12,3.78218,0.669267,125.422
530570,4185420.0,6059,4837,1,-0.0283144,0.551497,64.5782,117.096,18159,6067,4799,3476,0.332088,36,9,8.28875,0.689371,118.204
530570,4185420.0,6060,4837,1,-0.0266487,0.545217,63.9121,117.223,18159,6067,4799,3476,0.358429,39,11,7.80962,0.681522,117.594
530562,4185430.0,6062,4834,1,-0.0535065,0.569919,60.2165,105.658,18159,6067,4799,3476,0.321426,33,8,14.1335,0.712398,107.709
530562,4185430.0,6063,4834,1,-0.0815039,0.554678,59.8043,107.818,18159,6067,4799,3476,0.364065,39,3,21.969,0.693347,104.377
530552,4185440.0,6065,4831,1,-0.0468987,0.569969,54.9637,96.4328,18159,6067,4799,3476,0.390293,31,4,11.3064,0.712462,97.6468
530550,4185440.0,6066,4830,1,-0.0316964,0.571047,53.4226,93.552,18159,6067,4799,3476,0.369909,37,4,7.41315,0.713809,91.6106
530546,4185440.0,6067,4829,1,-0.0495879,0.556136,55.3232,99.4778,18159,6067,4797,3476,0.367743,32,5,12.3323,0.69517,96.7572
530550,4185440.0,6067,4830,1,-0.0180329,0.527784,90.3194,171.129,18159,6070,4775,3477,0.354621,38,29,7.71489,0.65973,166.734
530544,4185440.0,6068,4828,1,-0.0316166,0.550712,69.3982,126.015,18159,6068,4787,3476,0.388748,43,7,9.96047,0.68839,124.501
530546,4185440.0,6068,4829,1,-0.023576,0.532085,91.0586,171.135,18159,6071,4774,3477,0.367208,41,26,10.0867,0.665106,166.735
530544,4185450.0,6069,4828,1,-0.026952,0.533091,89.5126,167.913,18159,6071,4774,3477,0.390669,46,25,11.314,0.666363,163.595
530534,4185450.0,6071,4825,1,-0.0339017,0.543726,85.5673,157.372,18159,6071,4774,3477,0.295242,43,23,13.3379,0.679658,154.501
530534,4185460.0,6072,4825,1,-0.0559012,0.522439,94.1172,180.15,18159,6072,4767,3477,0.341037,55,16,25.1764,0.653049,175.501
530528,4185460.0,6074,4823,1,-0.00953405,0.502112,90.4377,180.115,18159,6072,4767,3477,0.385168,67,8,4.29305,0.62764,169.657
530522,4185460.0,6075,4821,1,-0.00164184,0.527584,88.0018,166.802,18159,6072,4767,3477,0.333482,48,16,0.684652,0.65948,163.776
530526,4185460.0,6075,4822,1,-0.00224471,0.431478,88.8518,205.924,18159,6072,4767,3477,0.35663,66,27,1.1556,0.539347,165.615
530520,4185470.0,6076,4820,1,-0.0280492,0.520101,86.8448,166.977,18159,6072,4767,3477,0.316595,52,16,11.7089,0.650126,161.046
530522,4185470.0,6076,4821,1,-0.0069155,0.425567,88.4269,207.786,18159,6072,4766,3477,0.319799,53,39,3.59236,0.531959,166.516
530516,4185470.0,6077,4819,1,-0.0413556,0.500662,85.5357,170.845,18159,6072,4767,3477,0.324099,70,4,17.6635,0.625827,158.347
530520,4185470.0,6077,4820,1,-0.03819,0.415669,88.3886,212.642,18159,6072,4765,3477,0.316051,61,32,20.302,0.519586,166.968
530514,4185470.0,6078,4818,1,-0.045618,0.44595,84.3328,189.108,18159,6072,4767,3477,0.333713,63,23,21.5669,0.557437,153.503
530516,4185470.0,6078,4819,1,-0.0312621,0.418168,87.034,208.132,18159,6072,4765,3477,0.340916,59,32,16.2666,0.52271,164.173
530510,4185480.0,6079,4817,1,-0.0353238,0.446409,82.5971,185.026,18159,6072,4767,3477,0.361746,60,24,16.3395,0.558011,150.922
530514,4185480.0,6079,4818,1,-0.0152331,0.430037,84.164,195.713,18159,6072,4766,3477,0.357761,51,35,7.45329,0.537547,158.649
530508,4185480.0,6080,4816,1,-0.000222815,0.449858,80.9156,179.869,18159,6072,4767,3477,0.348997,59,21,0.100194,0.562322,148.104
530510,4185480.0,6080,4817,1,-0.00176464,0.43646,82.7193,189.523,18159,6072,4766,3477,0.365424,43,41,0.836098,0.545575,155.18
530504,4185480.0,6081,4815,1,-0.0328841,0.455725,79.622,174.715,18159,6072,4767,3477,0.349291,57,21,14.3634,0.569656,145.378
530502,4185490.0,6082,4814,1,-0.020595,0.456162,78.0291,171.056,18159,6072,4767,3477,0.39364,57,19,8.80725,0.570202,143.148
530504,4185490.0,6082,4815,1,-0.0319275,0.44668,79.8818,178.834,18159,6072,4766,3477,0.360186,45,35,14.2743,0.55835,148.938
530498,4185490.0,6083,4813,1,-0.0224266,0.45559,76.4751,167.86,18159,6072,4767,3477,0.369286,54,22,9.41129,0.569487,141.174
530502,4185490.0,6083,4814,1,-0.010957,0.448765,78.1902,174.234,18159,6072,4766,3477,0.374893,45,33,4.77271,0.560957,146.385
530496,4185490.0,6084,4812,1,-0.0178443,0.455314,74.85,164.392,18159,6072,4767,3477,0.352589,51,23,7.33367,0.569142,139.278
530498,4185490.0,6084,4813,1,-0.017538,0.451504,76.7345,169.953,18159,6072,4766,3477,0.35724,42,34,7.45159,0.564381,144.122
530492,4185500.0,6085,4811,1,-0.0203817,0.457362,73.418,160.525,18159,6072,4767,3477,0.339821,48,24,8.17945,0.571702,137.339
530496,4185500.0,6085,4812,1,-0.0018212,0.453243,75.1147,165.727,18159,6072,4766,3477,0.350192,43,31,0.754557,0.566554,141.985
530490,4185500.0,6086,4810,1,-0.0136909,0.459994,71.8869,156.278,18159,6072,4767,3477,0.361094,48,22,5.34894,0.574992,135.321
530492,4185500.0,6086,4811,1,-0.00128746,0.456027,73.5626,161.312,18159,6072,4766,3477,0.355921,41,31,0.519207,0.570033,139.829
530486,4185500.0,6088,4809,1,-0.0013291,0.460628,70.5681,153.2,18159,6072,4766,3477,0.331889,41,27,0.509044,0.575784,136.264
530484,4185510.0,6089,4808,1,-0.00210082,0.461295,69.4692,150.596,18159,6072,4766,3477,0.296211,40,26,0.79094,0.576618,135.553
530474,4185510.0,6090,4805,1,-0.0101748,0.472951,65.6271,138.761,18159,6072,4767,3477,0.328436,38,23,3.52967,0.591188,126.751
530478,4185510.0,6090,4806,1,-0.0320357,0.472061,67.6498,143.307,18159,6072,4766,3477,0.29861,40,23,11.4774,0.590076,130.775
530472,4185510.0,6091,4804,1,-0.00468221,0.474086,65.3192,137.779,18159,6072,4766,3477,0.349278,34,26,1.61278,0.592607,127.325
530474,4185510.0,6091,4805,1,-0.0242794,0.452318,67.4101,149.033,18159,6072,4765,3477,0.323362,45,19,9.04607,0.565398,133.1
530468,4185520.0,6092,4803,1,-0.00770263,0.458424,66.1209,144.235,18159,6072,4764,3477,0.349229,46,16,2.77748,0.57303,129.577
530432,4185520.0,6094,4791,1,-0.0411393,0.499779,53.3455,106.738,18159,6072,4765,3477,0.294738,35,12,10.9778,0.624723,102.335
530436,4185520.0,6094,4792,1,-0.0332307,0.494081,54.2391,109.778,18159,6072,4765,3477,0.268799,37,11,9.11999,0.617601,104.693
530438,4185520.0,6094,4793,1,-0.00520156,0.487221,54.8577,112.593,18159,6072,4765,3477,0.273372,37,12,1.46415,0.609027,107.009
530444,4185520.0,6094,4795,1,-0.0084387,0.479686,56.8074,118.426,18159,6072,4765,3477,0.373271,38,13,2.49841,0.599608,111.794
530448,4185520.0,6094,4796,1,-0.056882,0.478629,58.214,121.627,18159,6072,4765,3477,0.367729,38,14,17.2959,0.598286,114.328
530450,4185520.0,6094,4797,1,-0.0597277,0.482223,60.2688,124.981,18159,6072,4764,3477,0.322069,41,13,18.6621,0.602779,116.943
530454,4185520.0,6094,4798,1,-0.0275596,0.473948,60.9953,128.696,18159,6072,4764,3477,0.282526,42,13,8.86702,0.592435,119.742
530430,4185520.0,6095,4790,1,-0.0154783,0.476469,55.5714,116.632,18159,6072,4762,3477,0.337462,42,8,4.51317,0.595586,108.892
530432,4185520.0,6095,4791,1,-0.0387542,0.427543,66.5513,155.66,18159,6071,4753,3477,0.339619,40,27,15.0812,0.534429,132.879
530426,4185530.0,6096,4789,1,-0.00104663,0.414551,64.2655,155.025,18159,6071,4753,3477,0.281,32,32,0.405635,0.518188,130.925
530256,4185530.0,6097,4732,1,-0.0418809,0.508598,73.1793,143.884,18159,6054,4718,3479,0.209241,47,11,15.065,0.635747,134.51
530258,4185530.0,6097,4733,1,-0.0293565,0.525794,64.2938,122.279,18159,6058,4722,3479,0.197368,27,22,8.97423,0.657243,120.036
530408,4185530.0,6097,4783,1,-0.00831101,0.44679,59.8124,133.871,18159,6071,4753,3477,0.32153,35,22,2.78151,0.558488,117.734
530412,4185530.0,6097,4784,1,-0.0062954,0.436718,60.6827,138.952,18159,6071,4753,3477,0.289799,33,25,2.18689,0.545897,120.515
530414,4185530.0,6097,4785,1,-0.010359,0.429673,61.4785,143.082,18159,6071,4753,3477,0.237837,31,28,3.70547,0.537092,123.134
530252,4185530.0,6098,4731,1,-0.0635212,0.431708,43.2572,100.2,18159,6114,4702,3496,0.264824,19,25,15.9121,0.539635,101.197
530256,4185530.0,6098,4732,1,-0.0887241,0.425777,43.9345,103.187,18159,6114,4702,3496,0.186928,21,24,22.8878,0.532221,103.923
530258,4185530.0,6098,4733,1,-0.0670781,0.41475,45.1868,108.95,18159,6113,4701,3496,0.136413,29,17,18.2703,0.518437,106.905
530262,4185530.0,6098,4734,1,-0.0511978,0.510004,70.0832,137.417,18159,6056,4720,3479,0.0887271,42,13,17.5886,0.637504,131.709
530264,4185530.0,6098,4735,1,-0.0450899,0.498514,61.8597,124.088,18159,6059,4724,3479,0.0636724,29,20,13.9878,0.623143,120.422
530268,4185530.0,6098,4736,1,-0.0308088,0.490218,60.9076,124.246,18159,6059,4725,3479,0.0679841,33,16,9.56967,0.612773,120.452
530270,4185530.0,6098,4737,1,-0.0140669,0.483754,56.5698,116.939,18159,6061,4727,3479,0.0713224,32,16,4.11243,0.604693,113.93
530274,4185530.0,6098,4738,1,-0.0135712,0.480309,56.8295,118.319,18159,6061,4727,3479,0.0752769,33,14,4.01432,0.600386,114.702
530276,4185530.0,6098,4739,1,-0.0166285,0.475182,57.043,120.045,18159,6061,4727,3479,0.0880555,34,14,4.99042,0.593977,115.327
530280,4185530.0,6098,4740,1,-0.00975638,0.47006,48.6461,103.489,18159,6065,4734,3478,0.119282,23,15,2.5242,0.587576,99.0439
530282,4185530.0,6098,4741,1,-0.00422793,0.464547,47.9511,103.221,18159,6065,4736,3478,0.166534,27,12,1.09103,0.580684,98.7411
530286,4185530.0,6098,4742,1,-0.016125,0.469402,48.4041,103.119,18159,6065,4736,3478,0.209426,25,13,4.15696,0.586752,99.2137
530288,4185530.0,6098,4743,1,-0.0225281,0.472882,49.0367,103.698,18159,6065,4736,3478,0.227294,28,11,5.84028,0.591102,99.7467
530394,4185530.0,6098,4778,1,-0.0164772,0.461836,55.3503,119.848,18159,6071,4753,3477,0.250181,32,19,4.93692,0.577295,109.224
530396,4185530.0,6098,4779,1,-0.0281436,0.458461,56.3077,122.819,18159,6071,4753,3477,0.246827,32,20,8.64142,0.573076,111.295
530256,4185540.0,6099,4732,1,-0.0750019,0.427837,29.1555,68.1463,18159,6116,4717,3496,0.22977,18,13,12.7778,0.534796,67.1729
530258,4185540.0,6099,4733,1,-0.0659806,0.428511,28.8406,67.3042,18159,6116,4718,3496,0.175008,12,19,11.1019,0.535639,66.3376
530262,4185540.0,6099,4734,1,-0.0580807,0.410417,27.0112,65.8142,18159,6116,4720,3496,0.1379,15,15,9.55635,0.513021,64.3194
530264,4185540.0,6099,4735,1,-0.0573623,0.38532,25.1081,65.1618,18159,6116,4722,3496,0.128775,23,6,9.34457,0.481649,63.2488
530268,4185540.0,6099,4736,1,-0.0561459,0.383898,25.3664,66.0759,18159,6116,4722,3496,0.108155,25,5,9.27473,0.479872,64.2857
530270,4185540.0,6099,4737,1,-0.0303803,0.363979,24.519,67.3638,18159,6116,4723,3496,0.0797834,24,6,5.11633,0.454973,65.8068
530274,4185540.0,6099,4738,1,-0.00859855,0.358237,24.6444,68.7937,18159,6116,4723,3496,0.0858567,23,8,1.47881,0.447796,67.4887
530282,4185540.0,6099,4741,1,-0.0190385,0.334645,25.7305,76.8889,18159,6116,4723,3496,0.167688,23,11,3.65962,0.418307,73.7137
530286,4185540.0,6099,4742,1,-0.0254696,0.325761,26.3265,80.8152,18159,6116,4723,3496,0.188954,23,12,5.14583,0.407201,76.0701
530288,4185540.0,6099,4743,1,-0.0118199,0.446197,49.2285,110.329,18159,6065,4736,3478,0.206957,27,15,3.26018,0.557747,102.826
530298,4185540.0,6099,4746,1,-0.000785626,0.467405,51.3874,109.942,18159,6065,4736,3478,0.340406,31,14,0.215933,0.584257,104.773
530378,4185540.0,6099,4773,1,-0.0150358,0.460989,54.4251,118.062,18159,6071,4751,3477,0.190795,24,27,4.43789,0.576236,104.895
530382,4185540.0,6099,4774,1,-0.0256664,0.445091,54.9313,123.416,18159,6071,4751,3477,0.17531,24,28,7.91912,0.556364,107.279
530384,4185540.0,6099,4775,1,-0.0318727,0.423426,56.2206,132.775,18159,6071,4750,3477,0.164288,24,32,10.5798,0.529283,111.691
530286,4185540.0,6100,4742,1,-0.00951725,0.348745,26.3532,75.5657,18159,6116,4723,3496,0.202927,25,9,1.79794,0.435931,73.475
530376,4185540.0,6100,4772,1,-7.31233e-05,0.441133,54.3766,123.266,18159,6071,4750,3477,0.19414,23,29,0.022534,0.551416,108.198
530294,4185540.0,6101,4745,1,-0.0144244,0.347783,29.0639,83.5691,18159,6116,4723,3496,0.349308,25,13,3.01358,0.434729,78.7428
530298,4185540.0,6101,4746,1,-0.00634266,0.337142,29.9068,88.7068,18159,6116,4723,3496,0.359433,26,13,1.40659,0.421428,81.5551
530300,4185540.0,6101,4747,1,-0.00481939,0.423607,57.6439,136.079,18159,6063,4731,3478,0.367626,25,28,1.63954,0.529509,122.626
530304,4185540.0,6101,4748,1,-0.0115254,0.444651,54.3782,122.294,18159,6065,4736,3478,0.364639,30,21,3.52373,0.555813,112.461
530352,4185540.0,6101,4764,1,-0.00539102,0.513451,53.8604,104.899,18159,6070,4748,3477,0.0845851,29,17,1.41378,0.641813,102.915
530354,4185540.0,6101,4765,1,-0.0227022,0.506551,51.8821,102.422,18159,6071,4750,3477,0.08436,26,18,5.81303,0.633189,99.64
530358,4185540.0,6101,4766,1,-0.0213615,0.49523,52.1807,105.367,18159,6071,4750,3477,0.0897315,26,19,5.62696,0.619038,101.031
530366,4185540.0,6101,4769,1,-0.0119574,0.464021,53.1889,114.626,18159,6071,4750,3477,0.126443,27,21,3.42658,0.580026,105.784
530370,4185540.0,6101,4770,1,-0.0273218,0.453876,55.9032,123.169,18159,6070,4748,3477,0.124033,29,23,8.41295,0.567344,112.32
530298,4185550.0,6102,4746,1,-0.0272244,0.362835,30.4311,83.8705,18159,6116,4723,3496,0.367921,25,13,5.70831,0.453543,79.2121
530300,4185550.0,6102,4747,1,-0.0207221,0.356378,31.54,88.5017,18159,6116,4723,3496,0.371054,27,12,4.58485,0.445472,82.0198
530304,4185550.0,6102,4748,1,-0.00709655,0.341788,32.4033,94.8053,18159,6116,4723,3496,0.370644,29,13,1.68198,0.427235,85.1527
530346,4185550.0,6102,4762,1,-0.0195484,0.492039,59.5142,120.954,18159,6067,4742,3478,0.0987416,33,21,5.91115,0.615049,119.574
530348,4185550.0,6102,4763,1,-0.0277918,0.500808,56.6391,113.095,18159,6069,4745,3478,0.064462,31,19,7.85781,0.62601,111.469
530352,4185550.0,6102,4764,1,-0.0194365,0.490957,56.793,115.678,18159,6069,4745,3478,0.043712,34,17,5.62095,0.613696,112.682
530300,4185550.0,6103,4747,1,-0.00946963,0.374348,31.7017,84.6851,18159,6116,4723,3496,0.391386,26,12,2.00484,0.467936,80.0082
530312,4185550.0,6103,4751,1,-0.0200245,0.434992,58.5007,134.487,18159,6065,4736,3478,0.374494,27,27,6.73258,0.54374,121.314
530340,4185550.0,6103,4760,1,-0.0410493,0.46408,63.2469,136.284,18159,6065,4738,3478,0.122559,41,18,13.986,0.5801,130.623
530342,4185550.0,6103,4761,1,-0.0275588,0.471577,61.3949,130.19,18159,6066,4740,3478,0.0709364,43,14,8.96972,0.589472,127.049
530346,4185550.0,6103,4762,1,-0.034682,0.460799,61.4933,133.449,18159,6066,4740,3478,0.0430774,43,15,11.5707,0.575999,128.596
530310,4185550.0,6104,4750,1,-0.0436947,0.37955,35.9081,94.6072,18159,6116,4723,3496,0.395593,29,13,10.3346,0.474437,86.8688
530312,4185550.0,6104,4751,1,-0.0324474,0.362778,36.6979,101.158,18159,6116,4723,3496,0.340865,33,12,8.20578,0.453473,90.0912
530316,4185550.0,6104,4752,1,-0.0283943,0.34227,37.5897,109.825,18159,6116,4723,3496,0.291438,31,17,7.79597,0.427838,93.6876
530336,4185550.0,6104,4759,1,-0.0257944,0.43406,63.5537,146.417,18159,6065,4737,3478,0.180872,33,27,9.44184,0.542575,132.685
530340,4185550.0,6104,4760,1,-0.0623227,0.434447,64.1149,147.578,18159,6065,4737,3478,0.098641,35,26,22.9937,0.543059,133.859
530310,4185560.0,6105,4750,1,-0.0566209,0.399431,36.2764,90.8201,18159,6116,4723,3496,0.373791,31,8,12.8558,0.499289,89.3521
530312,4185560.0,6105,4751,1,-0.0488897,0.390989,37.1094,94.9117,18159,6116,4723,3496,0.296643,31,9,11.6005,0.488737,92.1609
530316,4185560.0,6105,4752,1,-0.0387958,0.379259,37.8425,99.7802,18159,6116,4723,3496,0.233921,33,10,9.67763,0.474073,91.1675
530318,4185560.0,6105,4753,1,-0.0349363,0.370194,38.4733,103.927,18159,6116,4723,3496,0.194578,34,12,9.0771,0.462743,94.1224
530322,4185560.0,6105,4754,1,-0.0141955,0.361371,38.9618,107.817,18159,6116,4723,3496,0.18032,34,13,3.82627,0.451713,97.0751
530330,4185560.0,6105,4757,1,-0.000592845,0.329965,40.668,123.249,18159,6116,4723,3496,0.219428,34,20,0.182669,0.412457,106.591
530334,4185560.0,6105,4758,1,-0.0261464,0.40049,63.8678,159.474,18159,6065,4736,3478,0.208006,32,33,10.4242,0.500612,136.282
530336,4185560.0,6105,4759,1,-0.0479758,0.403872,64.4887,159.676,18159,6065,4736,3478,0.143242,29,35,19.1515,0.50484,137.324
530312,4185560.0,6106,4751,1,-0.0508909,0.411125,37.2902,90.7028,18159,6116,4723,3496,0.258408,23,14,11.5399,0.513906,90.9266
530316,4185560.0,6106,4752,1,-0.0358875,0.404249,37.8938,93.7387,18159,6116,4723,3496,0.199313,24,14,8.41013,0.505311,93.7546
530318,4185560.0,6106,4753,1,-0.0107646,0.39739,38.3908,96.6073,18159,6116,4723,3496,0.186704,25,14,2.59984,0.496737,96.5835
530324,4185560.0,6106,4755,1,-0.00611494,0.386193,39.5692,102.46,18159,6116,4723,3496,0.206633,25,16,1.56634,0.482741,102.276
530328,4185560.0,6106,4756,1,-0.0167301,0.381424,40.2648,105.564,18159,6116,4723,3496,0.207442,25,17,4.41525,0.47678,105.145
530330,4185560.0,6106,4757,1,-0.0247019,0.375405,40.763,108.584,18159,6116,4723,3496,0.202674,25,18,6.70559,0.469257,108.017
530334,4185560.0,6106,4758,1,-0.0531986,0.372668,41.5275,111.433,18159,6116,4723,3496,0.173987,25,19,14.8202,0.465835,110.886
530328,4185560.0,6107,4756,1,-0.0514397,0.391112,40.3249,103.103,18159,6116,4723,3496,0.193286,26,15,13.259,0.48889,103.841
530330,4185560.0,6107,4757,1,-0.041116,0.377734,40.6734,107.677,18159,6116,4723,3496,0.188086,23,19,11.0682,0.472167,106.665
530334,4185560.0,6107,4758,2,-0.0522628,0.341657,41.7338,122.151,18159,6118,4723,3496,0.175983,25,28,15.9599,0.427071,111.081
530324,4185570.0,6110,4755,2,-0.0101644,0.388286,38.5831,99.3679,18159,6117,4723,3496,0.24049,25,17,2.52503,0.485357,100.027
530324,4185570.0,6111,4755,2,-0.0115384,0.359451,38.3496,106.689,18159,6118,4723,3496,0.247003,25,21,3.07756,0.449314,99.4531
530322,4185580.0,6112,4754,2,-0.0339894,0.346671,38.2206,110.25,18159,6118,4722,3496,0.288001,21,26,9.36834,0.433339,98.1744
530318,4185580.0,6113,4753,2,-0.00688619,0.347446,39.1196,112.592,18159,6118,4720,3496,0.307327,26,23,1.93832,0.434307,99.4034
530312,4185580.0,6115,4751,2,-0.00827161,0.350232,36.9309,105.447,18159,6118,4720,3496,0.226164,24,21,2.18054,0.43779,93.5035
530316,4185580.0,6115,4752,2,-0.00580994,0.327565,51.2345,156.41,18159,6118,4705,3496,0.221952,31,34,2.27184,0.409456,140.654
530310,4185590.0,6116,4750,2,-0.00958439,0.356618,35.7963,100.377,18159,6118,4720,3496,0.236352,25,18,2.40513,0.445772,89.6945
530306,4185590.0,6117,4749,2,-0.0294615,0.369909,35.124,94.9531,18159,6118,4720,3496,0.293357,23,18,6.99365,0.462386,85.7134
530310,4185590.0,6117,4750,2,-0.005651,0.343134,40.0849,116.82,18159,6118,4715,3496,0.256229,33,16,1.65037,0.428917,104.745
530298,4185600.0,6120,4746,2,-0.00494424,0.379576,29.9257,78.8398,18159,6118,4721,3496,0.31996,18,14,0.974508,0.47447,74.1055
530300,4185600.0,6120,4747,2,-0.00419421,0.35201,33.6995,95.7344,18159,6118,4718,3496,0.273457,24,16,1.00383,0.440013,88.3569
530298,4185600.0,6121,4746,2,-0.0155249,0.352155,34.3545,97.5551,18159,6118,4716,3496,0.305318,28,12,3.78633,0.440193,90.8915
530292,4185610.0,6122,4744,2,-0.00385712,0.373834,29.5105,78.94,18159,6118,4719,3496,0.251766,23,9,0.761203,0.467292,74.8756
530148,4185610.0,6123,4696,1,-0.0222283,0.368054,5.11537,13.8984,18159,6118,4695,3500,0.387122,4,1,0.772346,0.460068,16.823
530288,4185610.0,6123,4743,2,-0.0261495,0.349583,40.6101,116.167,18159,6118,4706,3496,0.248109,25,22,7.5943,0.436979,111.606
530292,4185610.0,6123,4744,2,-0.0268889,0.329707,42.7411,129.633,18159,6118,4704,3496,0.238722,21,33,8.71424,0.412134,119.919
530148,4185610.0,6124,4696,1,-0.0319966,0.471011,3.62924,7.70522,18159,6121,4695,3500,0.3392,1,2,0.616353,0.588763,7.67268
530150,4185610.0,6124,4697,1,-0.0483098,0.308295,8.90027,28.8693,18159,6114,4696,3496,0.335227,5,5,3.48668,0.385369,28.8099
530286,4185610.0,6124,4742,2,-0.0288704,0.337761,40.3742,119.535,18159,6118,4705,3496,0.268244,17,31,8.62752,0.422202,113.385
530288,4185610.0,6124,4743,2,-0.0286264,0.321055,41.7691,130.1,18159,6118,4704,3496,0.260645,26,28,9.31071,0.401318,118.271
530148,4185620.0,6125,4696,1,-0.023076,0.410733,4.45935,10.8571,18159,6121,4695,3500,0.285011,2,2,0.626342,0.513416,10.7916
530150,4185620.0,6125,4697,1,-0.0289175,0.308927,9.09875,29.4528,18159,6115,4695,3500,0.272342,5,6,2.12926,0.386159,31.8721
530154,4185620.0,6125,4698,1,-0.0103196,0.303377,9.76601,32.191,18159,6114,4696,3496,0.283148,5,7,0.830498,0.379222,32.1506
530282,4185620.0,6125,4741,2,-0.0199491,0.338166,40.0379,118.397,18159,6118,4704,3496,0.276967,14,35,5.90479,0.422708,111.791
530286,4185620.0,6125,4742,2,-0.0241964,0.312719,40.4601,129.381,18159,6118,4704,3496,0.267992,25,29,7.82642,0.390899,116.254
530148,4185620.0,6126,4696,1,-0.0186336,0.368411,5.18021,14.0609,18159,6121,4695,3500,0.225929,3,2,0.655016,0.460514,13.9715
530150,4185620.0,6126,4697,1,-0.0121647,0.323512,7.94324,24.5532,18159,6118,4695,3500,0.225454,7,2,0.746702,0.40439,25.1628
530154,4185620.0,6126,4698,1,-0.0128932,0.300182,10.566,35.1988,18159,6114,4696,3496,0.255728,7,6,1.13456,0.375227,35.1438
530276,4185620.0,6126,4739,2,-0.00527433,0.338648,37.782,111.567,18159,6118,4704,3496,0.296496,14,32,1.4711,0.423311,106.454
530280,4185620.0,6126,4740,2,-0.022443,0.329738,38.6621,117.251,18159,6118,4704,3496,0.294078,19,30,6.57865,0.412172,110.061
530282,4185620.0,6126,4741,2,-0.0305084,0.308203,39.4342,127.949,18159,6118,4704,3496,0.267472,24,30,9.75879,0.385254,114.132
530150,4185620.0,6127,4697,1,-0.00647464,0.34238,5.97676,17.4565,18159,6121,4695,3500,0.207738,3,4,0.282561,0.427975,17.304
530154,4185620.0,6127,4698,1,-0.0158733,0.294028,11.2903,38.3988,18159,6114,4696,3496,0.228288,6,8,1.52379,0.367535,38.1988
530156,4185620.0,6127,4699,1,-0.0167612,0.298116,11.5341,38.6898,18159,6114,4696,3496,0.235711,4,11,1.62122,0.372645,38.607
530276,4185620.0,6127,4739,2,-0.00778524,0.317552,37.4996,118.089,18159,6118,4704,3496,0.289767,22,27,2.29839,0.39694,108.594
530154,4185620.0,6128,4698,1,-0.0105764,0.318851,8.72102,27.3514,18159,6119,4695,3500,0.215615,6,5,0.723195,0.398564,29.9772
530156,4185620.0,6128,4699,1,-0.0156985,0.289853,12.1313,41.8532,18159,6114,4696,3496,0.210816,6,10,1.64259,0.362316,41.6247
530160,4185620.0,6128,4700,1,-0.00446991,0.292191,12.3843,42.3842,18159,6114,4696,3496,0.214633,3,14,0.473633,0.365239,42.1879
530270,4185620.0,6128,4737,2,-0.00259861,0.320275,35.6567,111.332,18159,6118,4704,3496,0.241782,21,25,0.723267,0.400344,103.553
530274,4185620.0,6128,4738,2,-0.0102197,0.305995,36.4337,119.066,18159,6118,4704,3496,0.264753,19,32,3.04206,0.382493,106.97
530156,4185630.0,6129,4699,1,-0.00566823,0.278025,12.0322,43.2774,18159,6115,4695,3500,0.194036,6,11,0.613266,0.347532,44.701
530160,4185630.0,6129,4700,1,-0.00334604,0.282544,12.8671,45.5402,18159,6114,4696,3496,0.187366,5,13,0.380948,0.35318,45.2032
530162,4185630.0,6129,4701,1,-0.00377801,0.285373,13.2017,46.2611,18159,6114,4696,3496,0.189987,4,15,0.436937,0.356716,45.8797
530268,4185630.0,6129,4736,2,-0.00582275,0.315944,34.7313,109.928,18159,6118,4704,3496,0.210812,20,26,1.60022,0.394931,101.841
530264,4185630.0,6130,4735,2,-0.00717663,0.314393,33.9034,107.838,18159,6118,4704,3496,0.186582,19,27,1.93478,0.392992,100.192
530258,4185630.0,6131,4733,2,-0.0454052,0.321035,32.7122,101.896,18159,6118,4704,3496,0.282037,18,25,11.5665,0.401293,95.7989
530262,4185630.0,6131,4734,2,-0.0424875,0.314554,33.2723,105.776,18159,6118,4704,3496,0.188299,19,27,11.2354,0.393193,98.6911
530264,4185630.0,6131,4735,2,-0.0341458,0.294083,34.3962,116.961,18159,6118,4703,3496,0.16969,29,21,9.9843,0.367604,102.351
530168,4185640.0,6132,4703,1,-0.00481733,0.26428,15.1759,57.4236,18159,6114,4696,3496,0.196072,3,21,0.691571,0.330349,56.4797
530172,4185640.0,6132,4704,1,-0.00567445,0.266294,15.6071,58.6085,18159,6114,4696,3496,0.197889,3,22,0.831428,0.332867,57.463
530258,4185640.0,6132,4733,2,-0.0817883,0.319076,33.3611,104.555,18159,6118,4703,3496,0.29338,22,23,21.3785,0.398844,97.4587
530166,4185640.0,6133,4702,1,-0.00649259,0.254497,15.2235,59.8179,18159,6114,4696,3496,0.169323,7,17,0.970933,0.318121,58.641
530168,4185640.0,6133,4703,1,-0.0135546,0.258296,15.6604,60.6295,18159,6114,4696,3496,0.174911,5,20,2.05453,0.322871,59.4497
530172,4185640.0,6133,4704,1,-0.00192442,0.25936,15.9869,61.6398,18159,6114,4696,3496,0.179422,3,23,0.296552,0.3242,60.3922
530258,4185640.0,6133,4733,2,-0.0992402,0.303729,33.0602,108.848,18159,6118,4703,3496,0.284796,26,20,27.0052,0.379661,99.2931
530168,4185640.0,6134,4703,1,-0.00837912,0.247394,15.9196,64.3493,18159,6114,4696,3496,0.160746,7,19,1.34798,0.309242,62.541
530258,4185640.0,6134,4733,2,-0.0713153,0.284013,32.4596,114.289,18159,6118,4703,3496,0.272159,19,30,20.3764,0.355017,100.919
530172,4185640.0,6135,4704,1,-0.00296398,0.232786,15.433,66.297,18159,6116,4695,3500,0.199112,6,21,0.491258,0.290982,62.5646
530174,4185640.0,6135,4705,1,-0.00473357,0.247161,17.2913,69.9598,18159,6114,4696,3496,0.228771,7,22,0.827899,0.308951,67.4269
530178,4185640.0,6135,4706,1,-0.000562991,0.250693,17.7487,70.7985,18159,6114,4696,3496,0.25628,4,26,0.0996473,0.313366,68.4598
530180,4185640.0,6135,4707,1,-0.00414085,0.25624,18.4607,72.0444,18159,6114,4696,3496,0.263264,3,28,0.745812,0.3203,69.6343
530244,4185640.0,6135,4728,2,-0.00770118,0.280673,27.0355,96.3238,18159,6118,4703,3496,0.216348,22,19,1.85452,0.350841,89.4081
530174,4185650.0,6136,4705,1,-0.0172178,0.231347,12.6932,54.8662,18159,6121,4695,3500,0.22723,3,21,2.36168,0.289184,52.3038
530178,4185650.0,6136,4706,1,-0.0157265,0.237368,17.6445,74.334,18159,6115,4695,3500,0.235837,6,25,2.92253,0.29671,71.9616
530180,4185650.0,6136,4707,1,-0.0163643,0.247975,18.9252,76.3191,18159,6114,4696,3496,0.238743,5,27,3.12226,0.309968,72.6867
530184,4185650.0,6136,4708,1,-0.0155449,0.252601,19.5167,77.263,18159,6114,4696,3496,0.228294,4,29,3.00262,0.315751,73.8629
530186,4185650.0,6136,4709,1,-0.00451946,0.255546,20.1057,78.6775,18159,6114,4696,3496,0.214568,3,31,0.888949,0.319433,75.1845
530190,4185650.0,6136,4710,1,-0.000247291,0.257132,20.6649,80.367,18159,6114,4696,3496,0.214524,3,32,0.049685,0.321415,76.6146
530238,4185650.0,6136,4726,2,-0.0119465,0.278685,25.6852,92.1657,18159,6118,4703,3496,0.214303,19,21,2.75265,0.348357,86.3528
530240,4185650.0,6136,4727,2,-0.0151314,0.27335,26.2702,96.1048,18159,6118,4703,3496,0.202202,16,25,3.63551,0.341687,88.8065
530244,4185650.0,6136,4728,2,-0.00714744,0.252072,31.1122,123.426,18159,6115,4698,3496,0.209675,7,45,2.20544,0.31509,108.472
530090,4185650.0,6137,4677,1,-0.00494666,0.186889,10.6991,57.2488,18159,6126,4692,3500,0.0401493,0,25,0.707975,0.233611,56.7556
530178,4185650.0,6137,4706,1,-0.0126108,0.173936,8.12558,46.7159,18159,6127,4695,3500,0.233229,0,20,1.47281,0.21742,45.0776
530180,4185650.0,6137,4707,1,-0.0157722,0.223624,14.2222,63.5984,18159,6121,4695,3500,0.231455,4,23,2.50772,0.27953,59.299
530184,4185650.0,6137,4708,1,-0.0102092,0.232481,14.8127,63.7156,18159,6121,4695,3500,0.217371,5,23,1.62621,0.290601,59.7894
530186,4185650.0,6137,4709,1,-0.00750109,0.241241,20.3538,84.3713,18159,6114,4696,3496,0.208535,9,26,1.58219,0.301552,78.4613
530190,4185650.0,6137,4710,1,-0.00562586,0.246432,20.9095,84.849,18159,6114,4696,3496,0.207158,6,30,1.19337,0.30804,79.6373
530232,4185650.0,6137,4724,1,-0.0204818,0.259744,24.3899,93.8998,18159,6118,4703,3496,0.229429,11,28,4.80809,0.32468,85.0867
530234,4185650.0,6137,4725,2,-0.0159732,0.257019,25.4235,98.9168,18159,6118,4702,3496,0.205529,6,35,3.95005,0.321274,88.4345
530238,4185650.0,6137,4726,2,-0.0192688,0.247613,30.101,121.565,18159,6115,4697,3496,0.193936,9,41,5.85603,0.309517,108.376
530088,4185650.0,6138,4676,1,-0.00656771,0.475954,95.0355,199.674,18159,6118,4620,3503,0.0254015,37,38,3.27849,0.594943,180.122
530090,4185650.0,6138,4677,1,-0.00189009,0.18194,10.8089,59.4092,18159,6126,4692,3500,0.0423415,0,26,0.280722,0.227425,58.7191
530186,4185650.0,6138,4709,1,-0.0162762,0.17714,8.32828,47.0153,18159,6130,4696,3500,0.208394,0,20,1.91307,0.221425,47.1429
530190,4185650.0,6138,4710,1,-0.013771,0.182198,10.8212,59.3926,18159,6127,4695,3500,0.195053,0,25,2.04474,0.227748,56.1814
530192,4185650.0,6138,4711,1,-0.00109867,0.225132,16.787,74.5652,18159,6121,4695,3500,0.191504,5,27,0.204806,0.281415,68.6855
530198,4185650.0,6138,4713,1,-0.00504269,0.236969,22.8642,96.4862,18159,6114,4696,3496,0.222218,9,31,1.21637,0.296211,87.537
530202,4185650.0,6138,4714,1,-0.0349052,0.239362,23.6857,98.9536,18159,6114,4696,3496,0.195943,8,33,8.63497,0.299202,89.2473
530204,4185650.0,6138,4715,1,-0.0230666,0.234379,24.1048,102.845,18159,6114,4696,3496,0.140854,9,33,5.93071,0.292974,91.2943
530220,4185650.0,6138,4720,1,-0.00323079,0.213657,21.8175,102.115,18159,6121,4695,3500,0.245528,5,36,0.824778,0.267071,89.7768
530222,4185650.0,6138,4721,1,-0.0203129,0.216431,22.6993,104.88,18159,6121,4695,3500,0.236739,5,37,5.32607,0.270538,92.1264
530226,4185650.0,6138,4722,1,-0.0127515,0.214289,23.267,108.578,18159,6121,4695,3500,0.230931,5,38,3.46134,0.267861,95.1502
530228,4185650.0,6138,4723,1,-0.0155917,0.188918,18.558,98.233,18159,6127,4695,3500,0.237392,0,40,3.82905,0.236147,91.5084
530232,4185650.0,6138,4724,2,-0.0290632,0.189722,17.4534,91.9942,18159,6130,4696,3500,0.223267,0,37,6.68413,0.237153,89.1392
530234,4185650.0,6138,4725,2,-0.0422474,0.169574,15.681,92.4726,18159,6136,4696,3500,0.198749,2,34,9.76682,0.211968,88.7091
530088,4185660.0,6139,4676,1,-0.00515002,0.470608,51.9723,110.436,18159,6136,4639,3503,0.0272444,19,20,1.42187,0.58826,112.888
530090,4185660.0,6139,4677,1,-0.00908437,0.172071,10.9245,63.4887,18159,6126,4692,3500,0.0371479,0,27,1.44189,0.215088,60.3868
530094,4185660.0,6139,4678,1,-0.0246003,0.194595,10.6049,54.4972,18159,6127,4692,3500,0.0422084,0,25,3.35162,0.243244,57.2455
530192,4185660.0,6139,4711,1,-0.00116563,0.165422,8.11807,49.075,18159,6133,4696,3500,0.188832,0,20,0.143008,0.206777,49.4733
530202,4185660.0,6139,4714,1,-0.0141119,0.181504,11.3044,62.2816,18159,6130,4696,3500,0.180686,0,26,2.19728,0.22688,61.8634
530204,4185660.0,6139,4715,1,-0.0161134,0.177101,11.2386,63.4585,18159,6131,4696,3500,0.14641,0,26,2.55633,0.221376,63.3885
530216,4185660.0,6139,4719,1,-0.00187813,0.167965,12.3094,73.2856,18159,6133,4696,3500,0.235406,0,30,0.344099,0.209956,72.7627
530220,4185660.0,6139,4720,1,-0.0316356,0.172504,13.1534,76.2494,18159,6133,4696,3500,0.236831,0,31,6.03048,0.21563,75.7702
530222,4185660.0,6139,4721,1,-0.0231129,0.17385,13.7632,79.1667,18159,6133,4696,3500,0.214133,0,32,4.57444,0.217313,78.8601
530226,4185660.0,6139,4722,1,-0.000333407,0.168764,13.9227,82.4976,18159,6134,4696,3500,0.210461,1,31,0.0687631,0.210956,80.8786
530228,4185660.0,6139,4723,1,-0.0101115,0.162687,13.9718,85.8817,18159,6136,4696,3500,0.233052,1,32,2.17098,0.203358,79.8603
530232,4185660.0,6139,4724,2,-0.0337854,0.157796,14.8382,94.0346,18159,6136,4696,3500,0.224254,0,38,7.94249,0.197245,83.9052
530088,4185660.0,6140,4676,1,-0.00528853,0.470302,52.0139,110.597,18159,6136,4639,3503,0.0383793,24,16,1.46223,0.587878,113.215
530090,4185660.0,6140,4677,1,-0.0262701,0.459547,52.2045,113.6,18159,6136,4639,3503,0.0219582,24,17,7.4607,0.574434,116.197
530094,4185660.0,6140,4678,1,-0.0407904,0.110265,6.07425,55.0878,18159,6136,4694,3500,0.0237859,0,23,5.61763,0.137831,50.7526
530228,4185660.0,6140,4723,2,-0.0133978,0.149705,13.7056,91.5508,18159,6136,4696,3500,0.201876,0,36,3.06644,0.187132,81.3901
530232,4185660.0,6140,4724,2,-0.0177539,0.145306,14.4341,99.3356,18159,6136,4696,3500,0.203982,0,39,4.40898,0.181633,85.0738
530088,4185660.0,6141,4676,1,-0.000834214,0.454386,51.899,114.218,18159,6136,4639,3503,0.0304106,20,25,0.238205,0.567982,113.679
530094,4185660.0,6141,4678,1,-0.0265407,0.0940042,5.93977,63.1863,18159,6136,4694,3500,0.0419324,0,26,4.19251,0.117505,50.9985
530226,4185660.0,6141,4722,2,-0.015677,0.144301,12.9164,89.5099,18159,6136,4696,3500,0.204421,0,36,3.50812,0.180377,79.19
530228,4185660.0,6141,4723,2,-0.00356752,0.138287,13.2514,95.8257,18159,6136,4696,3500,0.198116,0,37,0.854651,0.172858,82.6418
530088,4185670.0,6142,4676,1,-0.000948915,0.461648,136.79,296.307,18159,6119,4594,3505,0.0273069,83,41,0.702926,0.57706,255.716
530090,4185670.0,6142,4677,1,-0.00441987,0.0564121,5.72876,101.552,18159,6136,4696,3500,0.0395937,0,44,1.12212,0.0705151,58.1634
530094,4185670.0,6142,4678,1,-0.00387356,0.0866289,5.74471,66.314,18159,6136,4695,3500,0.0539997,0,28,0.642177,0.108286,52.179
530088,4185670.0,6143,4676,1,-0.00336634,0.440479,136.711,310.37,18159,6119,4592,3505,0.0195912,65,64,2.61203,0.550599,262.384
530220,4185670.0,6143,4720,2,-0.00339499,0.126033,11.4261,90.6596,18159,6136,4696,3500,0.151088,0,34,0.769471,0.157541,75.6903
530088,4185670.0,6144,4676,1,-0.000974961,0.437808,136.813,312.496,18159,6119,4591,3505,0.0198426,74,57,0.761678,0.547259,265.937
530198,4185670.0,6144,4713,2,-0.00641808,0.128925,8.34322,64.7138,18159,6136,4696,3500,0.121411,0,24,1.03834,0.161156,56.3572
530208,4185670.0,6144,4716,2,-0.00513382,0.112484,9.55087,84.9084,18159,6136,4696,3500,0.157767,0,33,1.08976,0.140605,65.2295
530216,4185670.0,6144,4719,2,-0.0122203,0.110058,10.8598,98.6736,18159,6136,4696,3500,0.14594,0,38,3.01456,0.137573,73.7425
530220,4185670.0,6144,4720,2,-0.0124379,0.107973,11.3429,105.053,18159,6136,4696,3500,0.138787,0,41,3.2666,0.134966,76.6049
530088,4185680.0,6145,4676,1,-0.00416248,0.439576,136.767,311.135,18159,6119,4591,3505,0.0202891,70,58,3.23773,0.54947,266.95
530094,4185680.0,6145,4678,2,-0.0028969,0.0625025,5.4606,87.3661,18159,6136,4696,3500,0.0257237,0,36,0.632728,0.0781282,58.6118
530196,4185680.0,6145,4712,2,-0.051312,0.111015,8.04424,72.461,18159,6136,4696,3500,0.167913,0,28,9.2953,0.138768,55.4388
530198,4185680.0,6145,4713,2,-0.0162809,0.108451,8.37222,77.1979,18159,6136,4696,3500,0.110377,0,29,3.14213,0.135564,58.119
530088,4185680.0,6146,4676,1,-0.00766051,0.437899,136.77,312.333,18159,6120,4590,3505,0.024542,61,72,5.98158,0.547374,270.692
530096,4185680.0,6146,4679,2,-0.00294573,0.0636297,5.34328,83.9745,18159,6136,4696,3500,0.0343106,0,34,0.618416,0.0795372,57.3559
530180,4185680.0,6146,4707,2,-0.0165779,0.0861536,4.95772,57.5451,18159,6136,4696,3500,0.182497,0,22,2.38494,0.107692,44.5385
530184,4185680.0,6146,4708,2,-0.00875537,0.0885542,5.4875,61.9677,18159,6136,4696,3500,0.163737,0,23,1.35638,0.110693,46.8832
530192,4185680.0,6146,4711,2,-0.0139239,0.0962675,7.16805,74.4596,18159,6136,4696,3500,0.228301,0,28,2.59193,0.120334,54.3056
530196,4185680.0,6146,4712,2,-0.0479612,0.0984935,7.85898,79.7918,18159,6136,4696,3500,0.187209,0,31,9.56728,0.123117,56.8811
530100,4185680.0,6147,4680,2,-0.00630229,0.0604544,5.18222,85.7211,18159,6136,4696,3500,0.048898,0,36,1.3506,0.075568,56.3919
530180,4185680.0,6147,4707,2,-0.00479999,0.0786198,4.89043,62.2035,18159,6136,4696,3500,0.196689,0,23,0.746441,0.0982747,46.5153
530084,4185680.0,6148,4675,1,-0.000432215,0.433142,136.586,315.339,18159,6120,4590,3505,0.0230876,45,93,0.340735,0.541427,269.944
530106,4185680.0,6148,4682,2,-0.00722129,0.060189,4.81195,79.9473,18159,6136,4696,3500,0.0666707,0,33,1.44331,0.0752363,53.4113
530124,4185690.0,6149,4688,2,-0.00333141,0.0530229,3.25536,61.3953,18159,6136,4696,3500,0.0908755,0,26,0.511333,0.0662786,43.8737
530126,4185690.0,6149,4689,2,-0.00437116,0.0521322,2.99809,57.5094,18159,6136,4696,3500,0.0929247,0,25,0.628457,0.0651653,42.3941
530130,4185690.0,6149,4690,2,-0.00259323,0.0498088,2.68681,53.9425,18159,6136,4696,3500,0.093223,0,24,0.349713,0.062261,41.0806
530132,4185690.0,6149,4691,2,-0.00052788,0.0475915,2.40945,50.6278,18159,6136,4696,3500,0.0880608,0,23,0.0668135,0.0594894,39.9496
530148,4185690.0,6149,4696,2,-0.00332888,0.0422623,1.6553,39.1674,18159,6136,4696,3500,0.011852,0,16,0.325958,0.0528279,37.52
530150,4185690.0,6149,4697,2,-0.0092572,0.0425007,1.63892,38.5621,18159,6136,4696,3500,0.0103584,0,15,0.892443,0.0531259,37.7374
530082,4185690.0,6150,4674,1,-0.0207857,0.432201,137.118,317.254,18159,6121,4589,3505,0.0514033,54,83,16.4859,0.540252,270.624
530078,4185690.0,6151,4673,1,-0.0127343,0.441079,136.156,308.689,18159,6120,4590,3505,0.102016,50,85,9.82731,0.551349,267.672
530076,4185700.0,6152,4672,1,-0.00586076,0.445724,135.683,304.41,18159,6120,4590,3505,0.103927,49,84,4.46018,0.557154,265.945
530072,4185700.0,6153,4671,1,-0.0158889,0.446544,135.855,304.236,18159,6121,4589,3505,0.117265,54,77,12.085,0.55818,265.207
530064,4185700.0,6154,4668,1,-0.0388231,0.455275,134.284,294.952,18159,6121,4589,3505,0.251575,52,75,28.6274,0.569094,258.068
530066,4185700.0,6154,4669,1,-0.0306688,0.451419,134.859,298.744,18159,6121,4589,3505,0.193461,50,78,22.9053,0.564274,261.322
530060,4185700.0,6155,4667,1,-0.064544,0.454636,133.731,294.149,18159,6123,4588,3505,0.360335,56,70,47.4638,0.568295,257.077
